# Serie temporal: norma
# Columnas:
# paso  norma
# 
0.000000000000000000e+00 1.000000000000000000e+00
1.000000000000000000e+00 9.999999999999993339e-01
2.000000000000000000e+00 9.999999999999985567e-01
3.000000000000000000e+00 9.999999999999978906e-01
4.000000000000000000e+00 9.999999999999974465e-01
5.000000000000000000e+00 9.999999999999966693e-01
6.000000000000000000e+00 9.999999999999961142e-01
7.000000000000000000e+00 9.999999999999954481e-01
8.000000000000000000e+00 9.999999999999948930e-01
9.000000000000000000e+00 9.999999999999942268e-01
1.000000000000000000e+01 9.999999999999935607e-01
1.100000000000000000e+01 9.999999999999927836e-01
1.200000000000000000e+01 9.999999999999922284e-01
1.300000000000000000e+01 9.999999999999916733e-01
1.400000000000000000e+01 9.999999999999907851e-01
1.500000000000000000e+01 9.999999999999904521e-01
1.600000000000000000e+01 9.999999999999895639e-01
1.700000000000000000e+01 9.999999999999890088e-01
1.800000000000000000e+01 9.999999999999884537e-01
1.900000000000000000e+01 9.999999999999878986e-01
2.000000000000000000e+01 9.999999999999872324e-01
2.100000000000000000e+01 9.999999999999864553e-01
2.200000000000000000e+01 9.999999999999856781e-01
2.300000000000000000e+01 9.999999999999852340e-01
2.400000000000000000e+01 9.999999999999845679e-01
2.500000000000000000e+01 9.999999999999839018e-01
2.600000000000000000e+01 9.999999999999834577e-01
2.700000000000000000e+01 9.999999999999829026e-01
2.800000000000000000e+01 9.999999999999820144e-01
2.900000000000000000e+01 9.999999999999816813e-01
3.000000000000000000e+01 9.999999999999810152e-01
3.100000000000000000e+01 9.999999999999804601e-01
3.200000000000000000e+01 9.999999999999796829e-01
3.300000000000000000e+01 9.999999999999790168e-01
3.400000000000000000e+01 9.999999999999783507e-01
3.500000000000000000e+01 9.999999999999776845e-01
3.600000000000000000e+01 9.999999999999771294e-01
3.700000000000000000e+01 9.999999999999764633e-01
3.800000000000000000e+01 9.999999999999757971e-01
3.900000000000000000e+01 9.999999999999752420e-01
4.000000000000000000e+01 9.999999999999745759e-01
4.100000000000000000e+01 9.999999999999740208e-01
4.200000000000000000e+01 9.999999999999730216e-01
4.300000000000000000e+01 9.999999999999726885e-01
4.400000000000000000e+01 9.999999999999719114e-01
4.500000000000000000e+01 9.999999999999714673e-01
4.600000000000000000e+01 9.999999999999708011e-01
4.700000000000000000e+01 9.999999999999700240e-01
4.800000000000000000e+01 9.999999999999695799e-01
4.900000000000000000e+01 9.999999999999689138e-01
5.000000000000000000e+01 9.999999999999683586e-01
5.100000000000000000e+01 9.999999999999676925e-01
5.200000000000000000e+01 9.999999999999670264e-01
5.300000000000000000e+01 9.999999999999663602e-01
5.400000000000000000e+01 9.999999999999656941e-01
5.500000000000000000e+01 9.999999999999650280e-01
5.600000000000000000e+01 9.999999999999644729e-01
5.700000000000000000e+01 9.999999999999636957e-01
5.800000000000000000e+01 9.999999999999632516e-01
5.900000000000000000e+01 9.999999999999624745e-01
6.000000000000000000e+01 9.999999999999618083e-01
6.100000000000000000e+01 9.999999999999611422e-01
6.200000000000000000e+01 9.999999999999604761e-01
6.300000000000000000e+01 9.999999999999599209e-01
6.400000000000000000e+01 9.999999999999593658e-01
6.500000000000000000e+01 9.999999999999588107e-01
6.600000000000000000e+01 9.999999999999582556e-01
6.700000000000000000e+01 9.999999999999573674e-01
6.800000000000000000e+01 9.999999999999567013e-01
6.900000000000000000e+01 9.999999999999562572e-01
7.000000000000000000e+01 9.999999999999557021e-01
7.100000000000000000e+01 9.999999999999549249e-01
7.200000000000000000e+01 9.999999999999543698e-01
7.300000000000000000e+01 9.999999999999537037e-01
7.400000000000000000e+01 9.999999999999529265e-01
7.500000000000000000e+01 9.999999999999523714e-01
7.600000000000000000e+01 9.999999999999517053e-01
7.700000000000000000e+01 9.999999999999511502e-01
7.800000000000000000e+01 9.999999999999502620e-01
7.900000000000000000e+01 9.999999999999495959e-01
8.000000000000000000e+01 9.999999999999490408e-01
8.100000000000000000e+01 9.999999999999483746e-01
8.200000000000000000e+01 9.999999999999477085e-01
8.300000000000000000e+01 9.999999999999470424e-01
8.400000000000000000e+01 9.999999999999467093e-01
8.500000000000000000e+01 9.999999999999457101e-01
8.600000000000000000e+01 9.999999999999453770e-01
8.700000000000000000e+01 9.999999999999447109e-01
8.800000000000000000e+01 9.999999999999441558e-01
8.900000000000000000e+01 9.999999999999434896e-01
9.000000000000000000e+01 9.999999999999429345e-01
9.100000000000000000e+01 9.999999999999421574e-01
9.200000000000000000e+01 9.999999999999414912e-01
9.300000000000000000e+01 9.999999999999407141e-01
9.400000000000000000e+01 9.999999999999401590e-01
9.500000000000000000e+01 9.999999999999393818e-01
9.600000000000000000e+01 9.999999999999390488e-01
9.700000000000000000e+01 9.999999999999382716e-01
9.800000000000000000e+01 9.999999999999377165e-01
9.900000000000000000e+01 9.999999999999371614e-01
1.000000000000000000e+02 9.999999999999364952e-01
1.010000000000000000e+02 9.999999999999358291e-01
1.020000000000000000e+02 9.999999999999351630e-01
1.030000000000000000e+02 9.999999999999344968e-01
1.040000000000000000e+02 9.999999999999340528e-01
1.050000000000000000e+02 9.999999999999331646e-01
1.060000000000000000e+02 9.999999999999327205e-01
1.070000000000000000e+02 9.999999999999320544e-01
1.080000000000000000e+02 9.999999999999314992e-01
1.090000000000000000e+02 9.999999999999309441e-01
1.100000000000000000e+02 9.999999999999301670e-01
1.110000000000000000e+02 9.999999999999295008e-01
1.120000000000000000e+02 9.999999999999291678e-01
1.130000000000000000e+02 9.999999999999282796e-01
1.140000000000000000e+02 9.999999999999277245e-01
1.150000000000000000e+02 9.999999999999271694e-01
1.160000000000000000e+02 9.999999999999267253e-01
1.170000000000000000e+02 9.999999999999259481e-01
1.180000000000000000e+02 9.999999999999253930e-01
1.190000000000000000e+02 9.999999999999248379e-01
1.200000000000000000e+02 9.999999999999243938e-01
1.210000000000000000e+02 9.999999999999236167e-01
1.220000000000000000e+02 9.999999999999230615e-01
1.230000000000000000e+02 9.999999999999225064e-01
1.240000000000000000e+02 9.999999999999218403e-01
1.250000000000000000e+02 9.999999999999211742e-01
1.260000000000000000e+02 9.999999999999205080e-01
1.270000000000000000e+02 9.999999999999199529e-01
1.280000000000000000e+02 9.999999999999193978e-01
1.290000000000000000e+02 9.999999999999187317e-01
1.300000000000000000e+02 9.999999999999179545e-01
1.310000000000000000e+02 9.999999999999173994e-01
1.320000000000000000e+02 9.999999999999168443e-01
1.330000000000000000e+02 9.999999999999162892e-01
1.340000000000000000e+02 9.999999999999157341e-01
1.350000000000000000e+02 9.999999999999148459e-01
1.360000000000000000e+02 9.999999999999142908e-01
1.370000000000000000e+02 9.999999999999136246e-01
1.380000000000000000e+02 9.999999999999129585e-01
1.390000000000000000e+02 9.999999999999125144e-01
1.400000000000000000e+02 9.999999999999118483e-01
1.410000000000000000e+02 9.999999999999111822e-01
1.420000000000000000e+02 9.999999999999105160e-01
1.430000000000000000e+02 9.999999999999099609e-01
1.440000000000000000e+02 9.999999999999092948e-01
1.450000000000000000e+02 9.999999999999088507e-01
1.460000000000000000e+02 9.999999999999080735e-01
1.470000000000000000e+02 9.999999999999076294e-01
1.480000000000000000e+02 9.999999999999068523e-01
1.490000000000000000e+02 9.999999999999061862e-01
1.500000000000000000e+02 9.999999999999056310e-01
1.510000000000000000e+02 9.999999999999049649e-01
1.520000000000000000e+02 9.999999999999042988e-01
1.530000000000000000e+02 9.999999999999037437e-01
1.540000000000000000e+02 9.999999999999030775e-01
1.550000000000000000e+02 9.999999999999025224e-01
1.560000000000000000e+02 9.999999999999018563e-01
1.570000000000000000e+02 9.999999999999013012e-01
1.580000000000000000e+02 9.999999999999006350e-01
1.590000000000000000e+02 9.999999999998999689e-01
1.600000000000000000e+02 9.999999999998993028e-01
1.610000000000000000e+02 9.999999999998987477e-01
1.620000000000000000e+02 9.999999999998981925e-01
1.630000000000000000e+02 9.999999999998974154e-01
1.640000000000000000e+02 9.999999999998968603e-01
1.650000000000000000e+02 9.999999999998961941e-01
1.660000000000000000e+02 9.999999999998955280e-01
1.670000000000000000e+02 9.999999999998949729e-01
1.680000000000000000e+02 9.999999999998941957e-01
1.690000000000000000e+02 9.999999999998938627e-01
1.700000000000000000e+02 9.999999999998931965e-01
1.710000000000000000e+02 9.999999999998926414e-01
1.720000000000000000e+02 9.999999999998920863e-01
1.730000000000000000e+02 9.999999999998913092e-01
1.740000000000000000e+02 9.999999999998909761e-01
1.750000000000000000e+02 9.999999999998901989e-01
1.760000000000000000e+02 9.999999999998896438e-01
1.770000000000000000e+02 9.999999999998888667e-01
1.780000000000000000e+02 9.999999999998883116e-01
1.790000000000000000e+02 9.999999999998877565e-01
1.800000000000000000e+02 9.999999999998872013e-01
1.810000000000000000e+02 9.999999999998867573e-01
1.820000000000000000e+02 9.999999999998860911e-01
1.830000000000000000e+02 9.999999999998854250e-01
1.840000000000000000e+02 9.999999999998847589e-01
1.850000000000000000e+02 9.999999999998840927e-01
1.860000000000000000e+02 9.999999999998836486e-01
1.870000000000000000e+02 9.999999999998830935e-01
1.880000000000000000e+02 9.999999999998823164e-01
1.890000000000000000e+02 9.999999999998816502e-01
1.900000000000000000e+02 9.999999999998812061e-01
1.910000000000000000e+02 9.999999999998806510e-01
1.920000000000000000e+02 9.999999999998799849e-01
1.930000000000000000e+02 9.999999999998794298e-01
1.940000000000000000e+02 9.999999999998788747e-01
1.950000000000000000e+02 9.999999999998784306e-01
1.960000000000000000e+02 9.999999999998776534e-01
1.970000000000000000e+02 9.999999999998769873e-01
1.980000000000000000e+02 9.999999999998765432e-01
1.990000000000000000e+02 9.999999999998758771e-01
2.000000000000000000e+02 9.999999999998753220e-01
2.010000000000000000e+02 9.999999999998747668e-01
2.020000000000000000e+02 9.999999999998742117e-01
2.030000000000000000e+02 9.999999999998733236e-01
2.040000000000000000e+02 9.999999999998728795e-01
2.050000000000000000e+02 9.999999999998722133e-01
2.060000000000000000e+02 9.999999999998716582e-01
2.070000000000000000e+02 9.999999999998708811e-01
2.080000000000000000e+02 9.999999999998704370e-01
2.090000000000000000e+02 9.999999999998696598e-01
2.100000000000000000e+02 9.999999999998692157e-01
2.110000000000000000e+02 9.999999999998683275e-01
2.120000000000000000e+02 9.999999999998677724e-01
2.130000000000000000e+02 9.999999999998674394e-01
2.140000000000000000e+02 9.999999999998667732e-01
2.150000000000000000e+02 9.999999999998661071e-01
2.160000000000000000e+02 9.999999999998655520e-01
2.170000000000000000e+02 9.999999999998649969e-01
2.180000000000000000e+02 9.999999999998644418e-01
2.190000000000000000e+02 9.999999999998637756e-01
2.200000000000000000e+02 9.999999999998631095e-01
2.210000000000000000e+02 9.999999999998626654e-01
2.220000000000000000e+02 9.999999999998618883e-01
2.230000000000000000e+02 9.999999999998615552e-01
2.240000000000000000e+02 9.999999999998610001e-01
2.250000000000000000e+02 9.999999999998603339e-01
2.260000000000000000e+02 9.999999999998596678e-01
2.270000000000000000e+02 9.999999999998591127e-01
2.280000000000000000e+02 9.999999999998586686e-01
2.290000000000000000e+02 9.999999999998578915e-01
2.300000000000000000e+02 9.999999999998574474e-01
2.310000000000000000e+02 9.999999999998566702e-01
2.320000000000000000e+02 9.999999999998561151e-01
2.330000000000000000e+02 9.999999999998556710e-01
2.340000000000000000e+02 9.999999999998548939e-01
2.350000000000000000e+02 9.999999999998543387e-01
2.360000000000000000e+02 9.999999999998538946e-01
2.370000000000000000e+02 9.999999999998532285e-01
2.380000000000000000e+02 9.999999999998525624e-01
2.390000000000000000e+02 9.999999999998520073e-01
2.400000000000000000e+02 9.999999999998515632e-01
2.410000000000000000e+02 9.999999999998511191e-01
2.420000000000000000e+02 9.999999999998504530e-01
2.430000000000000000e+02 9.999999999998500089e-01
2.440000000000000000e+02 9.999999999998494538e-01
2.450000000000000000e+02 9.999999999998487876e-01
2.460000000000000000e+02 9.999999999998483435e-01
2.470000000000000000e+02 9.999999999998477884e-01
2.480000000000000000e+02 9.999999999998471223e-01
2.490000000000000000e+02 9.999999999998466782e-01
2.500000000000000000e+02 9.999999999998459010e-01
2.510000000000000000e+02 9.999999999998453459e-01
2.520000000000000000e+02 9.999999999998449018e-01
2.530000000000000000e+02 9.999999999998443467e-01
2.540000000000000000e+02 9.999999999998437916e-01
2.550000000000000000e+02 9.999999999998433475e-01
2.560000000000000000e+02 9.999999999998427924e-01
2.570000000000000000e+02 9.999999999998422373e-01
2.580000000000000000e+02 9.999999999998415712e-01
2.590000000000000000e+02 9.999999999998410161e-01
2.600000000000000000e+02 9.999999999998404610e-01
2.610000000000000000e+02 9.999999999998399058e-01
2.620000000000000000e+02 9.999999999998393507e-01
2.630000000000000000e+02 9.999999999998390177e-01
2.640000000000000000e+02 9.999999999998382405e-01
2.650000000000000000e+02 9.999999999998379074e-01
2.660000000000000000e+02 9.999999999998371303e-01
2.670000000000000000e+02 9.999999999998366862e-01
2.680000000000000000e+02 9.999999999998360201e-01
2.690000000000000000e+02 9.999999999998354649e-01
2.700000000000000000e+02 9.999999999998350209e-01
2.710000000000000000e+02 9.999999999998343547e-01
2.720000000000000000e+02 9.999999999998337996e-01
2.730000000000000000e+02 9.999999999998332445e-01
2.740000000000000000e+02 9.999999999998328004e-01
2.750000000000000000e+02 9.999999999998321343e-01
2.760000000000000000e+02 9.999999999998316902e-01
2.770000000000000000e+02 9.999999999998311351e-01
2.780000000000000000e+02 9.999999999998305800e-01
2.790000000000000000e+02 9.999999999998301359e-01
2.800000000000000000e+02 9.999999999998294697e-01
2.810000000000000000e+02 9.999999999998290257e-01
2.820000000000000000e+02 9.999999999998284705e-01
2.830000000000000000e+02 9.999999999998278044e-01
2.840000000000000000e+02 9.999999999998274713e-01
2.850000000000000000e+02 9.999999999998269162e-01
2.860000000000000000e+02 9.999999999998263611e-01
2.870000000000000000e+02 9.999999999998259170e-01
2.880000000000000000e+02 9.999999999998251399e-01
2.890000000000000000e+02 9.999999999998246958e-01
2.900000000000000000e+02 9.999999999998241407e-01
2.910000000000000000e+02 9.999999999998238076e-01
2.920000000000000000e+02 9.999999999998232525e-01
2.930000000000000000e+02 9.999999999998226974e-01
2.940000000000000000e+02 9.999999999998223643e-01
2.950000000000000000e+02 9.999999999998216982e-01
2.960000000000000000e+02 9.999999999998210320e-01
2.970000000000000000e+02 9.999999999998205880e-01
2.980000000000000000e+02 9.999999999998202549e-01
2.990000000000000000e+02 9.999999999998196998e-01
3.000000000000000000e+02 9.999999999998190336e-01
3.010000000000000000e+02 9.999999999998184785e-01
3.020000000000000000e+02 9.999999999998181455e-01
3.030000000000000000e+02 9.999999999998175904e-01
3.040000000000000000e+02 9.999999999998168132e-01
3.050000000000000000e+02 9.999999999998164801e-01
3.060000000000000000e+02 9.999999999998160360e-01
3.070000000000000000e+02 9.999999999998154809e-01
3.080000000000000000e+02 9.999999999998150368e-01
3.090000000000000000e+02 9.999999999998144817e-01
3.100000000000000000e+02 9.999999999998139266e-01
3.110000000000000000e+02 9.999999999998134825e-01
3.120000000000000000e+02 9.999999999998129274e-01
3.130000000000000000e+02 9.999999999998123723e-01
3.140000000000000000e+02 9.999999999998118172e-01
3.150000000000000000e+02 9.999999999998113731e-01
3.160000000000000000e+02 9.999999999998107070e-01
3.170000000000000000e+02 9.999999999998102629e-01
3.180000000000000000e+02 9.999999999998095968e-01
3.190000000000000000e+02 9.999999999998090416e-01
3.200000000000000000e+02 9.999999999998088196e-01
3.210000000000000000e+02 9.999999999998083755e-01
3.220000000000000000e+02 9.999999999998078204e-01
3.230000000000000000e+02 9.999999999998074873e-01
3.240000000000000000e+02 9.999999999998068212e-01
3.250000000000000000e+02 9.999999999998063771e-01
3.260000000000000000e+02 9.999999999998060440e-01
3.270000000000000000e+02 9.999999999998057110e-01
3.280000000000000000e+02 9.999999999998050448e-01
3.290000000000000000e+02 9.999999999998043787e-01
3.300000000000000000e+02 9.999999999998039346e-01
3.310000000000000000e+02 9.999999999998034905e-01
3.320000000000000000e+02 9.999999999998031575e-01
3.330000000000000000e+02 9.999999999998027134e-01
3.340000000000000000e+02 9.999999999998022693e-01
3.350000000000000000e+02 9.999999999998016031e-01
3.360000000000000000e+02 9.999999999998011591e-01
3.370000000000000000e+02 9.999999999998006039e-01
3.380000000000000000e+02 9.999999999998002709e-01
3.390000000000000000e+02 9.999999999997997158e-01
3.400000000000000000e+02 9.999999999997992717e-01
3.410000000000000000e+02 9.999999999997989386e-01
3.420000000000000000e+02 9.999999999997986055e-01
3.430000000000000000e+02 9.999999999997980504e-01
3.440000000000000000e+02 9.999999999997976063e-01
3.450000000000000000e+02 9.999999999997971623e-01
3.460000000000000000e+02 9.999999999997964961e-01
3.470000000000000000e+02 9.999999999997961631e-01
3.480000000000000000e+02 9.999999999997958300e-01
3.490000000000000000e+02 9.999999999997952749e-01
3.500000000000000000e+02 9.999999999997948308e-01
3.510000000000000000e+02 9.999999999997942757e-01
3.520000000000000000e+02 9.999999999997938316e-01
3.530000000000000000e+02 9.999999999997933875e-01
3.540000000000000000e+02 9.999999999997929434e-01
3.550000000000000000e+02 9.999999999997923883e-01
3.560000000000000000e+02 9.999999999997919442e-01
3.570000000000000000e+02 9.999999999997913891e-01
3.580000000000000000e+02 9.999999999997909450e-01
3.590000000000000000e+02 9.999999999997902789e-01
3.600000000000000000e+02 9.999999999997899458e-01
3.610000000000000000e+02 9.999999999997896127e-01
3.620000000000000000e+02 9.999999999997891686e-01
3.630000000000000000e+02 9.999999999997888356e-01
3.640000000000000000e+02 9.999999999997882805e-01
3.650000000000000000e+02 9.999999999997879474e-01
3.660000000000000000e+02 9.999999999997876143e-01
3.670000000000000000e+02 9.999999999997870592e-01
3.680000000000000000e+02 9.999999999997868372e-01
3.690000000000000000e+02 9.999999999997861710e-01
3.700000000000000000e+02 9.999999999997856159e-01
3.710000000000000000e+02 9.999999999997851718e-01
3.720000000000000000e+02 9.999999999997847278e-01
3.730000000000000000e+02 9.999999999997842837e-01
3.740000000000000000e+02 9.999999999997839506e-01
3.750000000000000000e+02 9.999999999997833955e-01
3.760000000000000000e+02 9.999999999997830624e-01
3.770000000000000000e+02 9.999999999997826183e-01
3.780000000000000000e+02 9.999999999997821742e-01
3.790000000000000000e+02 9.999999999997817302e-01
3.800000000000000000e+02 9.999999999997811750e-01
3.810000000000000000e+02 9.999999999997808420e-01
3.820000000000000000e+02 9.999999999997805089e-01
3.830000000000000000e+02 9.999999999997799538e-01
3.840000000000000000e+02 9.999999999997795097e-01
3.850000000000000000e+02 9.999999999997791766e-01
3.860000000000000000e+02 9.999999999997787326e-01
3.870000000000000000e+02 9.999999999997783995e-01
3.880000000000000000e+02 9.999999999997778444e-01
3.890000000000000000e+02 9.999999999997774003e-01
3.900000000000000000e+02 9.999999999997770672e-01
3.910000000000000000e+02 9.999999999997767341e-01
3.920000000000000000e+02 9.999999999997760680e-01
3.930000000000000000e+02 9.999999999997758460e-01
3.940000000000000000e+02 9.999999999997752909e-01
3.950000000000000000e+02 9.999999999997748468e-01
3.960000000000000000e+02 9.999999999997745137e-01
3.970000000000000000e+02 9.999999999997742917e-01
3.980000000000000000e+02 9.999999999997738476e-01
3.990000000000000000e+02 9.999999999997735145e-01
4.000000000000000000e+02 9.999999999997729594e-01
4.010000000000000000e+02 9.999999999997727373e-01
4.020000000000000000e+02 9.999999999997722933e-01
4.030000000000000000e+02 9.999999999997718492e-01
4.040000000000000000e+02 9.999999999997712941e-01
4.050000000000000000e+02 9.999999999997710720e-01
4.060000000000000000e+02 9.999999999997707389e-01
4.070000000000000000e+02 9.999999999997702949e-01
4.080000000000000000e+02 9.999999999997699618e-01
4.090000000000000000e+02 9.999999999997696287e-01
4.100000000000000000e+02 9.999999999997690736e-01
4.110000000000000000e+02 9.999999999997687405e-01
4.120000000000000000e+02 9.999999999997685185e-01
4.130000000000000000e+02 9.999999999997679634e-01
4.140000000000000000e+02 9.999999999997677413e-01
4.150000000000000000e+02 9.999999999997670752e-01
4.160000000000000000e+02 9.999999999997667421e-01
4.170000000000000000e+02 9.999999999997662981e-01
4.180000000000000000e+02 9.999999999997661870e-01
4.190000000000000000e+02 9.999999999997656319e-01
4.200000000000000000e+02 9.999999999997652989e-01
4.210000000000000000e+02 9.999999999997647437e-01
4.220000000000000000e+02 9.999999999997646327e-01
4.230000000000000000e+02 9.999999999997640776e-01
4.240000000000000000e+02 9.999999999997636335e-01
4.250000000000000000e+02 9.999999999997633005e-01
4.260000000000000000e+02 9.999999999997628564e-01
4.270000000000000000e+02 9.999999999997625233e-01
4.280000000000000000e+02 9.999999999997621902e-01
4.290000000000000000e+02 9.999999999997616351e-01
4.300000000000000000e+02 9.999999999997611910e-01
4.310000000000000000e+02 9.999999999997608580e-01
4.320000000000000000e+02 9.999999999997604139e-01
4.330000000000000000e+02 9.999999999997600808e-01
4.340000000000000000e+02 9.999999999997596367e-01
4.350000000000000000e+02 9.999999999997593036e-01
4.360000000000000000e+02 9.999999999997588596e-01
4.370000000000000000e+02 9.999999999997585265e-01
4.380000000000000000e+02 9.999999999997581934e-01
4.390000000000000000e+02 9.999999999997577493e-01
4.400000000000000000e+02 9.999999999997573052e-01
4.410000000000000000e+02 9.999999999997567501e-01
4.420000000000000000e+02 9.999999999997565281e-01
4.430000000000000000e+02 9.999999999997561950e-01
4.440000000000000000e+02 9.999999999997557509e-01
4.450000000000000000e+02 9.999999999997554179e-01
4.460000000000000000e+02 9.999999999997550848e-01
4.470000000000000000e+02 9.999999999997546407e-01
4.480000000000000000e+02 9.999999999997543076e-01
4.490000000000000000e+02 9.999999999997538636e-01
4.500000000000000000e+02 9.999999999997535305e-01
4.510000000000000000e+02 9.999999999997529754e-01
4.520000000000000000e+02 9.999999999997527533e-01
4.530000000000000000e+02 9.999999999997523092e-01
4.540000000000000000e+02 9.999999999997518652e-01
4.550000000000000000e+02 9.999999999997513100e-01
4.560000000000000000e+02 9.999999999997511990e-01
4.570000000000000000e+02 9.999999999997506439e-01
4.580000000000000000e+02 9.999999999997504219e-01
4.590000000000000000e+02 9.999999999997499778e-01
4.600000000000000000e+02 9.999999999997496447e-01
4.610000000000000000e+02 9.999999999997493116e-01
4.620000000000000000e+02 9.999999999997488676e-01
4.630000000000000000e+02 9.999999999997485345e-01
4.640000000000000000e+02 9.999999999997480904e-01
4.650000000000000000e+02 9.999999999997478684e-01
4.660000000000000000e+02 9.999999999997473132e-01
4.670000000000000000e+02 9.999999999997468692e-01
4.680000000000000000e+02 9.999999999997466471e-01
4.690000000000000000e+02 9.999999999997460920e-01
4.700000000000000000e+02 9.999999999997458699e-01
4.710000000000000000e+02 9.999999999997455369e-01
4.720000000000000000e+02 9.999999999997450928e-01
4.730000000000000000e+02 9.999999999997447597e-01
4.740000000000000000e+02 9.999999999997444267e-01
4.750000000000000000e+02 9.999999999997440936e-01
4.760000000000000000e+02 9.999999999997438715e-01
4.770000000000000000e+02 9.999999999997432054e-01
4.780000000000000000e+02 9.999999999997430944e-01
4.790000000000000000e+02 9.999999999997425393e-01
4.800000000000000000e+02 9.999999999997424283e-01
4.810000000000000000e+02 9.999999999997422062e-01
4.820000000000000000e+02 9.999999999997418731e-01
4.830000000000000000e+02 9.999999999997415401e-01
4.840000000000000000e+02 9.999999999997410960e-01
4.850000000000000000e+02 9.999999999997408739e-01
4.860000000000000000e+02 9.999999999997403188e-01
4.870000000000000000e+02 9.999999999997400968e-01
4.880000000000000000e+02 9.999999999997398747e-01
4.890000000000000000e+02 9.999999999997395417e-01
4.900000000000000000e+02 9.999999999997389866e-01
4.910000000000000000e+02 9.999999999997387645e-01
4.920000000000000000e+02 9.999999999997384315e-01
4.930000000000000000e+02 9.999999999997379874e-01
4.940000000000000000e+02 9.999999999997376543e-01
4.950000000000000000e+02 9.999999999997373212e-01
4.960000000000000000e+02 9.999999999997370992e-01
4.970000000000000000e+02 9.999999999997367661e-01
4.980000000000000000e+02 9.999999999997363220e-01
4.990000000000000000e+02 9.999999999997359890e-01
5.000000000000000000e+02 9.999999999997357669e-01
5.010000000000000000e+02 9.999999999997353228e-01
5.020000000000000000e+02 9.999999999997349898e-01
5.030000000000000000e+02 9.999999999997346567e-01
5.040000000000000000e+02 9.999999999997343236e-01
5.050000000000000000e+02 9.999999999997338795e-01
5.060000000000000000e+02 9.999999999997334355e-01
5.070000000000000000e+02 9.999999999997332134e-01
5.080000000000000000e+02 9.999999999997329914e-01
5.090000000000000000e+02 9.999999999997323252e-01
5.100000000000000000e+02 9.999999999997319922e-01
5.110000000000000000e+02 9.999999999997316591e-01
5.120000000000000000e+02 9.999999999997312150e-01
5.130000000000000000e+02 9.999999999997309930e-01
5.140000000000000000e+02 9.999999999997306599e-01
5.150000000000000000e+02 9.999999999997303268e-01
5.160000000000000000e+02 9.999999999997299938e-01
5.170000000000000000e+02 9.999999999997295497e-01
5.180000000000000000e+02 9.999999999997292166e-01
5.190000000000000000e+02 9.999999999997288835e-01
5.200000000000000000e+02 9.999999999997285505e-01
5.210000000000000000e+02 9.999999999997282174e-01
5.220000000000000000e+02 9.999999999997276623e-01
5.230000000000000000e+02 9.999999999997275513e-01
5.240000000000000000e+02 9.999999999997271072e-01
5.250000000000000000e+02 9.999999999997267741e-01
5.260000000000000000e+02 9.999999999997264410e-01
5.270000000000000000e+02 9.999999999997262190e-01
5.280000000000000000e+02 9.999999999997259970e-01
5.290000000000000000e+02 9.999999999997255529e-01
5.300000000000000000e+02 9.999999999997251088e-01
5.310000000000000000e+02 9.999999999997247757e-01
5.320000000000000000e+02 9.999999999997244426e-01
5.330000000000000000e+02 9.999999999997241096e-01
5.340000000000000000e+02 9.999999999997237765e-01
5.350000000000000000e+02 9.999999999997233324e-01
5.360000000000000000e+02 9.999999999997231104e-01
5.370000000000000000e+02 9.999999999997226663e-01
5.380000000000000000e+02 9.999999999997222222e-01
5.390000000000000000e+02 9.999999999997217781e-01
5.400000000000000000e+02 9.999999999997215561e-01
5.410000000000000000e+02 9.999999999997211120e-01
5.420000000000000000e+02 9.999999999997208899e-01
5.430000000000000000e+02 9.999999999997204458e-01
5.440000000000000000e+02 9.999999999997202238e-01
5.450000000000000000e+02 9.999999999997198907e-01
5.460000000000000000e+02 9.999999999997195577e-01
5.470000000000000000e+02 9.999999999997193356e-01
5.480000000000000000e+02 9.999999999997188915e-01
5.490000000000000000e+02 9.999999999997186695e-01
5.500000000000000000e+02 9.999999999997181144e-01
5.510000000000000000e+02 9.999999999997177813e-01
5.520000000000000000e+02 9.999999999997175593e-01
5.530000000000000000e+02 9.999999999997170042e-01
5.540000000000000000e+02 9.999999999997167821e-01
5.550000000000000000e+02 9.999999999997164490e-01
5.560000000000000000e+02 9.999999999997160050e-01
5.570000000000000000e+02 9.999999999997156719e-01
5.580000000000000000e+02 9.999999999997154498e-01
5.590000000000000000e+02 9.999999999997148947e-01
5.600000000000000000e+02 9.999999999997146727e-01
5.610000000000000000e+02 9.999999999997142286e-01
5.620000000000000000e+02 9.999999999997140065e-01
5.630000000000000000e+02 9.999999999997134514e-01
5.640000000000000000e+02 9.999999999997132294e-01
5.650000000000000000e+02 9.999999999997128963e-01
5.660000000000000000e+02 9.999999999997125633e-01
5.670000000000000000e+02 9.999999999997122302e-01
5.680000000000000000e+02 9.999999999997118971e-01
5.690000000000000000e+02 9.999999999997113420e-01
5.700000000000000000e+02 9.999999999997112310e-01
5.710000000000000000e+02 9.999999999997108979e-01
5.720000000000000000e+02 9.999999999997104538e-01
5.730000000000000000e+02 9.999999999997104538e-01
5.740000000000000000e+02 9.999999999997100097e-01
5.750000000000000000e+02 9.999999999997096767e-01
5.760000000000000000e+02 9.999999999997095657e-01
5.770000000000000000e+02 9.999999999997088995e-01
5.780000000000000000e+02 9.999999999997086775e-01
5.790000000000000000e+02 9.999999999997084554e-01
5.800000000000000000e+02 9.999999999997080113e-01
5.810000000000000000e+02 9.999999999997075673e-01
5.820000000000000000e+02 9.999999999997073452e-01
5.830000000000000000e+02 9.999999999997069011e-01
5.840000000000000000e+02 9.999999999997066791e-01
5.850000000000000000e+02 9.999999999997062350e-01
5.860000000000000000e+02 9.999999999997059019e-01
5.870000000000000000e+02 9.999999999997055689e-01
5.880000000000000000e+02 9.999999999997051248e-01
5.890000000000000000e+02 9.999999999997049027e-01
5.900000000000000000e+02 9.999999999997044586e-01
5.910000000000000000e+02 9.999999999997040145e-01
5.920000000000000000e+02 9.999999999997037925e-01
5.930000000000000000e+02 9.999999999997034594e-01
5.940000000000000000e+02 9.999999999997029043e-01
5.950000000000000000e+02 9.999999999997027933e-01
5.960000000000000000e+02 9.999999999997022382e-01
5.970000000000000000e+02 9.999999999997022382e-01
5.980000000000000000e+02 9.999999999997017941e-01
5.990000000000000000e+02 9.999999999997015721e-01
6.000000000000000000e+02 9.999999999997011280e-01
6.010000000000000000e+02 9.999999999997006839e-01
6.020000000000000000e+02 9.999999999997003508e-01
6.030000000000000000e+02 9.999999999997000177e-01
6.040000000000000000e+02 9.999999999996996847e-01
6.050000000000000000e+02 9.999999999996991296e-01
6.060000000000000000e+02 9.999999999996989075e-01
6.070000000000000000e+02 9.999999999996984634e-01
6.080000000000000000e+02 9.999999999996982414e-01
6.090000000000000000e+02 9.999999999996977973e-01
6.100000000000000000e+02 9.999999999996975752e-01
6.110000000000000000e+02 9.999999999996972422e-01
6.120000000000000000e+02 9.999999999996966871e-01
6.130000000000000000e+02 9.999999999996965760e-01
6.140000000000000000e+02 9.999999999996962430e-01
6.150000000000000000e+02 9.999999999996957989e-01
6.160000000000000000e+02 9.999999999996953548e-01
6.170000000000000000e+02 9.999999999996951328e-01
6.180000000000000000e+02 9.999999999996946887e-01
6.190000000000000000e+02 9.999999999996943556e-01
6.200000000000000000e+02 9.999999999996940225e-01
6.210000000000000000e+02 9.999999999996935784e-01
6.220000000000000000e+02 9.999999999996932454e-01
6.230000000000000000e+02 9.999999999996929123e-01
6.240000000000000000e+02 9.999999999996926903e-01
6.250000000000000000e+02 9.999999999996921352e-01
6.260000000000000000e+02 9.999999999996918021e-01
6.270000000000000000e+02 9.999999999996915800e-01
6.280000000000000000e+02 9.999999999996909139e-01
6.290000000000000000e+02 9.999999999996906919e-01
6.300000000000000000e+02 9.999999999996902478e-01
6.310000000000000000e+02 9.999999999996900257e-01
6.320000000000000000e+02 9.999999999996898037e-01
6.330000000000000000e+02 9.999999999996892486e-01
6.340000000000000000e+02 9.999999999996889155e-01
6.350000000000000000e+02 9.999999999996886935e-01
6.360000000000000000e+02 9.999999999996882494e-01
6.370000000000000000e+02 9.999999999996878053e-01
6.380000000000000000e+02 9.999999999996875832e-01
6.390000000000000000e+02 9.999999999996870281e-01
6.400000000000000000e+02 9.999999999996869171e-01
6.410000000000000000e+02 9.999999999996864730e-01
6.420000000000000000e+02 9.999999999996862510e-01
6.430000000000000000e+02 9.999999999996860289e-01
6.440000000000000000e+02 9.999999999996858069e-01
6.450000000000000000e+02 9.999999999996853628e-01
6.460000000000000000e+02 9.999999999996851408e-01
6.470000000000000000e+02 9.999999999996846967e-01
6.480000000000000000e+02 9.999999999996843636e-01
6.490000000000000000e+02 9.999999999996839195e-01
6.500000000000000000e+02 9.999999999996838085e-01
6.510000000000000000e+02 9.999999999996835864e-01
6.520000000000000000e+02 9.999999999996830313e-01
6.530000000000000000e+02 9.999999999996825872e-01
6.540000000000000000e+02 9.999999999996822542e-01
6.550000000000000000e+02 9.999999999996820321e-01
6.560000000000000000e+02 9.999999999996813660e-01
6.570000000000000000e+02 9.999999999996811439e-01
6.580000000000000000e+02 9.999999999996809219e-01
6.590000000000000000e+02 9.999999999996805888e-01
6.600000000000000000e+02 9.999999999996802558e-01
6.610000000000000000e+02 9.999999999996798117e-01
6.620000000000000000e+02 9.999999999996794786e-01
6.630000000000000000e+02 9.999999999996791455e-01
6.640000000000000000e+02 9.999999999996787015e-01
6.650000000000000000e+02 9.999999999996784794e-01
6.660000000000000000e+02 9.999999999996780353e-01
6.670000000000000000e+02 9.999999999996773692e-01
6.680000000000000000e+02 9.999999999996771471e-01
6.690000000000000000e+02 9.999999999996767031e-01
6.700000000000000000e+02 9.999999999996767031e-01
6.710000000000000000e+02 9.999999999996761479e-01
6.720000000000000000e+02 9.999999999996759259e-01
6.730000000000000000e+02 9.999999999996755928e-01
6.740000000000000000e+02 9.999999999996751487e-01
6.750000000000000000e+02 9.999999999996749267e-01
6.760000000000000000e+02 9.999999999996744826e-01
6.770000000000000000e+02 9.999999999996740385e-01
6.780000000000000000e+02 9.999999999996737055e-01
6.790000000000000000e+02 9.999999999996733724e-01
6.800000000000000000e+02 9.999999999996730393e-01
6.810000000000000000e+02 9.999999999996725952e-01
6.820000000000000000e+02 9.999999999996723732e-01
6.830000000000000000e+02 9.999999999996719291e-01
6.840000000000000000e+02 9.999999999996717071e-01
6.850000000000000000e+02 9.999999999996712630e-01
6.860000000000000000e+02 9.999999999996709299e-01
6.870000000000000000e+02 9.999999999996704858e-01
6.880000000000000000e+02 9.999999999996702638e-01
6.890000000000000000e+02 9.999999999996698197e-01
6.900000000000000000e+02 9.999999999996693756e-01
6.910000000000000000e+02 9.999999999996691535e-01
6.920000000000000000e+02 9.999999999996689315e-01
6.930000000000000000e+02 9.999999999996684874e-01
6.940000000000000000e+02 9.999999999996682654e-01
6.950000000000000000e+02 9.999999999996678213e-01
6.960000000000000000e+02 9.999999999996675992e-01
6.970000000000000000e+02 9.999999999996671551e-01
6.980000000000000000e+02 9.999999999996669331e-01
6.990000000000000000e+02 9.999999999996667110e-01
7.000000000000000000e+02 9.999999999996662670e-01
7.010000000000000000e+02 9.999999999996660449e-01
7.020000000000000000e+02 9.999999999996654898e-01
7.030000000000000000e+02 9.999999999996653788e-01
7.040000000000000000e+02 9.999999999996648237e-01
7.050000000000000000e+02 9.999999999996646016e-01
7.060000000000000000e+02 9.999999999996641575e-01
7.070000000000000000e+02 9.999999999996638245e-01
7.080000000000000000e+02 9.999999999996636024e-01
7.090000000000000000e+02 9.999999999996631583e-01
7.100000000000000000e+02 9.999999999996624922e-01
7.110000000000000000e+02 9.999999999996624922e-01
7.120000000000000000e+02 9.999999999996620481e-01
7.130000000000000000e+02 9.999999999996616040e-01
7.140000000000000000e+02 9.999999999996612710e-01
7.150000000000000000e+02 9.999999999996608269e-01
7.160000000000000000e+02 9.999999999996604938e-01
7.170000000000000000e+02 9.999999999996601607e-01
7.180000000000000000e+02 9.999999999996597166e-01
7.190000000000000000e+02 9.999999999996593836e-01
7.200000000000000000e+02 9.999999999996591615e-01
7.210000000000000000e+02 9.999999999996588285e-01
7.220000000000000000e+02 9.999999999996584954e-01
7.230000000000000000e+02 9.999999999996580513e-01
7.240000000000000000e+02 9.999999999996576072e-01
7.250000000000000000e+02 9.999999999996572742e-01
7.260000000000000000e+02 9.999999999996571631e-01
7.270000000000000000e+02 9.999999999996568301e-01
7.280000000000000000e+02 9.999999999996563860e-01
7.290000000000000000e+02 9.999999999996559419e-01
7.300000000000000000e+02 9.999999999996558309e-01
7.310000000000000000e+02 9.999999999996553868e-01
7.320000000000000000e+02 9.999999999996552758e-01
7.330000000000000000e+02 9.999999999996549427e-01
7.340000000000000000e+02 9.999999999996544986e-01
7.350000000000000000e+02 9.999999999996542766e-01
7.360000000000000000e+02 9.999999999996538325e-01
7.370000000000000000e+02 9.999999999996533884e-01
7.380000000000000000e+02 9.999999999996531663e-01
7.390000000000000000e+02 9.999999999996527222e-01
7.400000000000000000e+02 9.999999999996523892e-01
7.410000000000000000e+02 9.999999999996521671e-01
7.420000000000000000e+02 9.999999999996516120e-01
7.430000000000000000e+02 9.999999999996513900e-01
7.440000000000000000e+02 9.999999999996511679e-01
7.450000000000000000e+02 9.999999999996505018e-01
7.460000000000000000e+02 9.999999999996503908e-01
7.470000000000000000e+02 9.999999999996500577e-01
7.480000000000000000e+02 9.999999999996496136e-01
7.490000000000000000e+02 9.999999999996492805e-01
7.500000000000000000e+02 9.999999999996488365e-01
7.510000000000000000e+02 9.999999999996486144e-01
7.520000000000000000e+02 9.999999999996482813e-01
7.530000000000000000e+02 9.999999999996477262e-01
7.540000000000000000e+02 9.999999999996472821e-01
7.550000000000000000e+02 9.999999999996470601e-01
7.560000000000000000e+02 9.999999999996467270e-01
7.570000000000000000e+02 9.999999999996463940e-01
7.580000000000000000e+02 9.999999999996458389e-01
7.590000000000000000e+02 9.999999999996456168e-01
7.600000000000000000e+02 9.999999999996452837e-01
7.610000000000000000e+02 9.999999999996450617e-01
7.620000000000000000e+02 9.999999999996446176e-01
7.630000000000000000e+02 9.999999999996442845e-01
7.640000000000000000e+02 9.999999999996438405e-01
7.650000000000000000e+02 9.999999999996433964e-01
7.660000000000000000e+02 9.999999999996432853e-01
7.670000000000000000e+02 9.999999999996429523e-01
7.680000000000000000e+02 9.999999999996426192e-01
7.690000000000000000e+02 9.999999999996422861e-01
7.700000000000000000e+02 9.999999999996418421e-01
7.710000000000000000e+02 9.999999999996413980e-01
7.720000000000000000e+02 9.999999999996410649e-01
7.730000000000000000e+02 9.999999999996407318e-01
7.740000000000000000e+02 9.999999999996402877e-01
7.750000000000000000e+02 9.999999999996399547e-01
7.760000000000000000e+02 9.999999999996395106e-01
7.770000000000000000e+02 9.999999999996391775e-01
7.780000000000000000e+02 9.999999999996387334e-01
7.790000000000000000e+02 9.999999999996384004e-01
7.800000000000000000e+02 9.999999999996380673e-01
7.810000000000000000e+02 9.999999999996377342e-01
7.820000000000000000e+02 9.999999999996372901e-01
7.830000000000000000e+02 9.999999999996369571e-01
7.840000000000000000e+02 9.999999999996365130e-01
7.850000000000000000e+02 9.999999999996362909e-01
7.860000000000000000e+02 9.999999999996359579e-01
7.870000000000000000e+02 9.999999999996355138e-01
7.880000000000000000e+02 9.999999999996351807e-01
7.890000000000000000e+02 9.999999999996349587e-01
7.900000000000000000e+02 9.999999999996345146e-01
7.910000000000000000e+02 9.999999999996340705e-01
7.920000000000000000e+02 9.999999999996338484e-01
7.930000000000000000e+02 9.999999999996334044e-01
7.940000000000000000e+02 9.999999999996329603e-01
7.950000000000000000e+02 9.999999999996326272e-01
7.960000000000000000e+02 9.999999999996322941e-01
7.970000000000000000e+02 9.999999999996318500e-01
7.980000000000000000e+02 9.999999999996315170e-01
7.990000000000000000e+02 9.999999999996311839e-01
8.000000000000000000e+02 9.999999999996309619e-01
8.010000000000000000e+02 9.999999999996307398e-01
8.020000000000000000e+02 9.999999999996300737e-01
8.030000000000000000e+02 9.999999999996298516e-01
8.040000000000000000e+02 9.999999999996294076e-01
8.050000000000000000e+02 9.999999999996291855e-01
8.060000000000000000e+02 9.999999999996286304e-01
8.070000000000000000e+02 9.999999999996282973e-01
8.080000000000000000e+02 9.999999999996278532e-01
8.090000000000000000e+02 9.999999999996275202e-01
8.100000000000000000e+02 9.999999999996271871e-01
8.110000000000000000e+02 9.999999999996267430e-01
8.120000000000000000e+02 9.999999999996261879e-01
8.130000000000000000e+02 9.999999999996258548e-01
8.140000000000000000e+02 9.999999999996254108e-01
8.150000000000000000e+02 9.999999999996248556e-01
8.160000000000000000e+02 9.999999999996246336e-01
8.170000000000000000e+02 9.999999999996243005e-01
8.180000000000000000e+02 9.999999999996236344e-01
8.190000000000000000e+02 9.999999999996231903e-01
8.200000000000000000e+02 9.999999999996228572e-01
8.210000000000000000e+02 9.999999999996226352e-01
8.220000000000000000e+02 9.999999999996223021e-01
8.230000000000000000e+02 9.999999999996217470e-01
8.240000000000000000e+02 9.999999999996214139e-01
8.250000000000000000e+02 9.999999999996210809e-01
8.260000000000000000e+02 9.999999999996207478e-01
8.270000000000000000e+02 9.999999999996203037e-01
8.280000000000000000e+02 9.999999999996197486e-01
8.290000000000000000e+02 9.999999999996194155e-01
8.300000000000000000e+02 9.999999999996193045e-01
8.310000000000000000e+02 9.999999999996188604e-01
8.320000000000000000e+02 9.999999999996184163e-01
8.330000000000000000e+02 9.999999999996178612e-01
8.340000000000000000e+02 9.999999999996174171e-01
8.350000000000000000e+02 9.999999999996170841e-01
8.360000000000000000e+02 9.999999999996166400e-01
8.370000000000000000e+02 9.999999999996163069e-01
8.380000000000000000e+02 9.999999999996158628e-01
8.390000000000000000e+02 9.999999999996157518e-01
8.400000000000000000e+02 9.999999999996150857e-01
8.410000000000000000e+02 9.999999999996149747e-01
8.420000000000000000e+02 9.999999999996144195e-01
8.430000000000000000e+02 9.999999999996138644e-01
8.440000000000000000e+02 9.999999999996136424e-01
8.450000000000000000e+02 9.999999999996131983e-01
8.460000000000000000e+02 9.999999999996128652e-01
8.470000000000000000e+02 9.999999999996125322e-01
8.480000000000000000e+02 9.999999999996119771e-01
8.490000000000000000e+02 9.999999999996118660e-01
8.500000000000000000e+02 9.999999999996114219e-01
8.510000000000000000e+02 9.999999999996109779e-01
8.520000000000000000e+02 9.999999999996105338e-01
8.530000000000000000e+02 9.999999999996100897e-01
8.540000000000000000e+02 9.999999999996096456e-01
8.550000000000000000e+02 9.999999999996094235e-01
8.560000000000000000e+02 9.999999999996088684e-01
8.570000000000000000e+02 9.999999999996084243e-01
8.580000000000000000e+02 9.999999999996080913e-01
8.590000000000000000e+02 9.999999999996074251e-01
8.600000000000000000e+02 9.999999999996070921e-01
8.610000000000000000e+02 9.999999999996066480e-01
8.620000000000000000e+02 9.999999999996062039e-01
8.630000000000000000e+02 9.999999999996058708e-01
8.640000000000000000e+02 9.999999999996058708e-01
8.650000000000000000e+02 9.999999999996052047e-01
8.660000000000000000e+02 9.999999999996047606e-01
8.670000000000000000e+02 9.999999999996043165e-01
8.680000000000000000e+02 9.999999999996039834e-01
8.690000000000000000e+02 9.999999999996034283e-01
8.700000000000000000e+02 9.999999999996029842e-01
8.710000000000000000e+02 9.999999999996025402e-01
8.720000000000000000e+02 9.999999999996020961e-01
8.730000000000000000e+02 9.999999999996016520e-01
8.740000000000000000e+02 9.999999999996012079e-01
8.750000000000000000e+02 9.999999999996007638e-01
8.760000000000000000e+02 9.999999999996004307e-01
8.770000000000000000e+02 9.999999999995998756e-01
8.780000000000000000e+02 9.999999999995994315e-01
8.790000000000000000e+02 9.999999999995990985e-01
8.800000000000000000e+02 9.999999999995986544e-01
8.810000000000000000e+02 9.999999999995980993e-01
8.820000000000000000e+02 9.999999999995977662e-01
8.830000000000000000e+02 9.999999999995973221e-01
8.840000000000000000e+02 9.999999999995967670e-01
8.850000000000000000e+02 9.999999999995964339e-01
8.860000000000000000e+02 9.999999999995958788e-01
8.870000000000000000e+02 9.999999999995955458e-01
8.880000000000000000e+02 9.999999999995952127e-01
8.890000000000000000e+02 9.999999999995947686e-01
8.900000000000000000e+02 9.999999999995943245e-01
8.910000000000000000e+02 9.999999999995939914e-01
8.920000000000000000e+02 9.999999999995935474e-01
8.930000000000000000e+02 9.999999999995931033e-01
8.940000000000000000e+02 9.999999999995925481e-01
8.950000000000000000e+02 9.999999999995922151e-01
8.960000000000000000e+02 9.999999999995918820e-01
8.970000000000000000e+02 9.999999999995912159e-01
8.980000000000000000e+02 9.999999999995909938e-01
8.990000000000000000e+02 9.999999999995904387e-01
9.000000000000000000e+02 9.999999999995899946e-01
9.010000000000000000e+02 9.999999999995894395e-01
9.020000000000000000e+02 9.999999999995889954e-01
9.030000000000000000e+02 9.999999999995885513e-01
9.040000000000000000e+02 9.999999999995882183e-01
9.050000000000000000e+02 9.999999999995877742e-01
9.060000000000000000e+02 9.999999999995871081e-01
9.070000000000000000e+02 9.999999999995866640e-01
9.080000000000000000e+02 9.999999999995863309e-01
9.090000000000000000e+02 9.999999999995859978e-01
9.100000000000000000e+02 9.999999999995854427e-01
9.110000000000000000e+02 9.999999999995848876e-01
9.120000000000000000e+02 9.999999999995845545e-01
9.130000000000000000e+02 9.999999999995841105e-01
9.140000000000000000e+02 9.999999999995835553e-01
9.150000000000000000e+02 9.999999999995831113e-01
9.160000000000000000e+02 9.999999999995826672e-01
9.170000000000000000e+02 9.999999999995823341e-01
9.180000000000000000e+02 9.999999999995818900e-01
9.190000000000000000e+02 9.999999999995812239e-01
9.200000000000000000e+02 9.999999999995808908e-01
9.210000000000000000e+02 9.999999999995803357e-01
9.220000000000000000e+02 9.999999999995798916e-01
9.230000000000000000e+02 9.999999999995794475e-01
9.240000000000000000e+02 9.999999999995788924e-01
9.250000000000000000e+02 9.999999999995784483e-01
9.260000000000000000e+02 9.999999999995777822e-01
9.270000000000000000e+02 9.999999999995774491e-01
9.280000000000000000e+02 9.999999999995768940e-01
9.290000000000000000e+02 9.999999999995764499e-01
9.300000000000000000e+02 9.999999999995760058e-01
9.310000000000000000e+02 9.999999999995754507e-01
9.320000000000000000e+02 9.999999999995751176e-01
9.330000000000000000e+02 9.999999999995746736e-01
9.340000000000000000e+02 9.999999999995742295e-01
9.350000000000000000e+02 9.999999999995736744e-01
9.360000000000000000e+02 9.999999999995731192e-01
9.370000000000000000e+02 9.999999999995727862e-01
9.380000000000000000e+02 9.999999999995722311e-01
9.390000000000000000e+02 9.999999999995716760e-01
9.400000000000000000e+02 9.999999999995714539e-01
9.410000000000000000e+02 9.999999999995708988e-01
9.420000000000000000e+02 9.999999999995701216e-01
9.430000000000000000e+02 9.999999999995698996e-01
9.440000000000000000e+02 9.999999999995693445e-01
9.450000000000000000e+02 9.999999999995690114e-01
9.460000000000000000e+02 9.999999999995684563e-01
9.470000000000000000e+02 9.999999999995677902e-01
9.480000000000000000e+02 9.999999999995673461e-01
9.490000000000000000e+02 9.999999999995667910e-01
9.500000000000000000e+02 9.999999999995662359e-01
9.510000000000000000e+02 9.999999999995657918e-01
9.520000000000000000e+02 9.999999999995653477e-01
9.530000000000000000e+02 9.999999999995647926e-01
9.540000000000000000e+02 9.999999999995642375e-01
9.550000000000000000e+02 9.999999999995637934e-01
9.560000000000000000e+02 9.999999999995633493e-01
9.570000000000000000e+02 9.999999999995626832e-01
9.580000000000000000e+02 9.999999999995622391e-01
9.590000000000000000e+02 9.999999999995616839e-01
9.600000000000000000e+02 9.999999999995613509e-01
9.610000000000000000e+02 9.999999999995606847e-01
9.620000000000000000e+02 9.999999999995602407e-01
9.630000000000000000e+02 9.999999999995597966e-01
9.640000000000000000e+02 9.999999999995592415e-01
9.650000000000000000e+02 9.999999999995586863e-01
9.660000000000000000e+02 9.999999999995581312e-01
9.670000000000000000e+02 9.999999999995573541e-01
9.680000000000000000e+02 9.999999999995569100e-01
9.690000000000000000e+02 9.999999999995564659e-01
9.700000000000000000e+02 9.999999999995560218e-01
9.710000000000000000e+02 9.999999999995553557e-01
9.720000000000000000e+02 9.999999999995550226e-01
9.730000000000000000e+02 9.999999999995543565e-01
9.740000000000000000e+02 9.999999999995540234e-01
9.750000000000000000e+02 9.999999999995533573e-01
9.760000000000000000e+02 9.999999999995529132e-01
9.770000000000000000e+02 9.999999999995523581e-01
9.780000000000000000e+02 9.999999999995519140e-01
9.790000000000000000e+02 9.999999999995512479e-01
9.800000000000000000e+02 9.999999999995506927e-01
9.810000000000000000e+02 9.999999999995502487e-01
9.820000000000000000e+02 9.999999999995493605e-01
9.830000000000000000e+02 9.999999999995490274e-01
9.840000000000000000e+02 9.999999999995483613e-01
9.850000000000000000e+02 9.999999999995479172e-01
9.860000000000000000e+02 9.999999999995474731e-01
9.870000000000000000e+02 9.999999999995468070e-01
9.880000000000000000e+02 9.999999999995463629e-01
9.890000000000000000e+02 9.999999999995459188e-01
9.900000000000000000e+02 9.999999999995452526e-01
9.910000000000000000e+02 9.999999999995445865e-01
9.920000000000000000e+02 9.999999999995441424e-01
9.930000000000000000e+02 9.999999999995434763e-01
9.940000000000000000e+02 9.999999999995431432e-01
9.950000000000000000e+02 9.999999999995424771e-01
9.960000000000000000e+02 9.999999999995418110e-01
9.970000000000000000e+02 9.999999999995414779e-01
9.980000000000000000e+02 9.999999999995410338e-01
9.990000000000000000e+02 9.999999999995403677e-01
1.000000000000000000e+03 9.999999999995397015e-01
1.001000000000000000e+03 9.999999999995393685e-01
1.002000000000000000e+03 9.999999999995387023e-01
1.003000000000000000e+03 9.999999999995379252e-01
1.004000000000000000e+03 9.999999999995375921e-01
1.005000000000000000e+03 9.999999999995369260e-01
1.006000000000000000e+03 9.999999999995363709e-01
1.007000000000000000e+03 9.999999999995358158e-01
1.008000000000000000e+03 9.999999999995352606e-01
1.009000000000000000e+03 9.999999999995348166e-01
1.010000000000000000e+03 9.999999999995341504e-01
1.011000000000000000e+03 9.999999999995334843e-01
1.012000000000000000e+03 9.999999999995329292e-01
1.013000000000000000e+03 9.999999999995323741e-01
1.014000000000000000e+03 9.999999999995319300e-01
1.015000000000000000e+03 9.999999999995312638e-01
1.016000000000000000e+03 9.999999999995308197e-01
1.017000000000000000e+03 9.999999999995302646e-01
1.018000000000000000e+03 9.999999999995297095e-01
1.019000000000000000e+03 9.999999999995292654e-01
1.020000000000000000e+03 9.999999999995287103e-01
1.021000000000000000e+03 9.999999999995279332e-01
1.022000000000000000e+03 9.999999999995274891e-01
1.023000000000000000e+03 9.999999999995268229e-01
1.024000000000000000e+03 9.999999999995262678e-01
1.025000000000000000e+03 9.999999999995259348e-01
1.026000000000000000e+03 9.999999999995252686e-01
1.027000000000000000e+03 9.999999999995248245e-01
1.028000000000000000e+03 9.999999999995240474e-01
1.029000000000000000e+03 9.999999999995236033e-01
1.030000000000000000e+03 9.999999999995230482e-01
1.031000000000000000e+03 9.999999999995222710e-01
1.032000000000000000e+03 9.999999999995217159e-01
1.033000000000000000e+03 9.999999999995212718e-01
1.034000000000000000e+03 9.999999999995207167e-01
1.035000000000000000e+03 9.999999999995201616e-01
1.036000000000000000e+03 9.999999999995196065e-01
1.037000000000000000e+03 9.999999999995190514e-01
1.038000000000000000e+03 9.999999999995183853e-01
1.039000000000000000e+03 9.999999999995178301e-01
1.040000000000000000e+03 9.999999999995172750e-01
1.041000000000000000e+03 9.999999999995166089e-01
1.042000000000000000e+03 9.999999999995161648e-01
1.043000000000000000e+03 9.999999999995156097e-01
1.044000000000000000e+03 9.999999999995149436e-01
1.045000000000000000e+03 9.999999999995143884e-01
1.046000000000000000e+03 9.999999999995139444e-01
1.047000000000000000e+03 9.999999999995131672e-01
1.048000000000000000e+03 9.999999999995127231e-01
1.049000000000000000e+03 9.999999999995120570e-01
1.050000000000000000e+03 9.999999999995115019e-01
1.051000000000000000e+03 9.999999999995110578e-01
1.052000000000000000e+03 9.999999999995105027e-01
1.053000000000000000e+03 9.999999999995098365e-01
1.054000000000000000e+03 9.999999999995092814e-01
1.055000000000000000e+03 9.999999999995088373e-01
1.056000000000000000e+03 9.999999999995080602e-01
1.057000000000000000e+03 9.999999999995076161e-01
1.058000000000000000e+03 9.999999999995068389e-01
1.059000000000000000e+03 9.999999999995061728e-01
1.060000000000000000e+03 9.999999999995057287e-01
1.061000000000000000e+03 9.999999999995050626e-01
1.062000000000000000e+03 9.999999999995045075e-01
1.063000000000000000e+03 9.999999999995038413e-01
1.064000000000000000e+03 9.999999999995033972e-01
1.065000000000000000e+03 9.999999999995026201e-01
1.066000000000000000e+03 9.999999999995019540e-01
1.067000000000000000e+03 9.999999999995015099e-01
1.068000000000000000e+03 9.999999999995008437e-01
1.069000000000000000e+03 9.999999999995001776e-01
1.070000000000000000e+03 9.999999999994997335e-01
1.071000000000000000e+03 9.999999999994990674e-01
1.072000000000000000e+03 9.999999999994985123e-01
1.073000000000000000e+03 9.999999999994978461e-01
1.074000000000000000e+03 9.999999999994972910e-01
1.075000000000000000e+03 9.999999999994966249e-01
1.076000000000000000e+03 9.999999999994960698e-01
1.077000000000000000e+03 9.999999999994955147e-01
1.078000000000000000e+03 9.999999999994949595e-01
1.079000000000000000e+03 9.999999999994942934e-01
1.080000000000000000e+03 9.999999999994937383e-01
1.081000000000000000e+03 9.999999999994931832e-01
1.082000000000000000e+03 9.999999999994926281e-01
1.083000000000000000e+03 9.999999999994920730e-01
1.084000000000000000e+03 9.999999999994912958e-01
1.085000000000000000e+03 9.999999999994908517e-01
1.086000000000000000e+03 9.999999999994901856e-01
1.087000000000000000e+03 9.999999999994896305e-01
1.088000000000000000e+03 9.999999999994891864e-01
1.089000000000000000e+03 9.999999999994885203e-01
1.090000000000000000e+03 9.999999999994879651e-01
1.091000000000000000e+03 9.999999999994872990e-01
1.092000000000000000e+03 9.999999999994868549e-01
1.093000000000000000e+03 9.999999999994860778e-01
1.094000000000000000e+03 9.999999999994857447e-01
1.095000000000000000e+03 9.999999999994850786e-01
1.096000000000000000e+03 9.999999999994845234e-01
1.097000000000000000e+03 9.999999999994837463e-01
1.098000000000000000e+03 9.999999999994831912e-01
1.099000000000000000e+03 9.999999999994825250e-01
1.100000000000000000e+03 9.999999999994820810e-01
1.101000000000000000e+03 9.999999999994815258e-01
1.102000000000000000e+03 9.999999999994808597e-01
1.103000000000000000e+03 9.999999999994801936e-01
1.104000000000000000e+03 9.999999999994797495e-01
1.105000000000000000e+03 9.999999999994789723e-01
1.106000000000000000e+03 9.999999999994784172e-01
1.107000000000000000e+03 9.999999999994778621e-01
1.108000000000000000e+03 9.999999999994771960e-01
1.109000000000000000e+03 9.999999999994766409e-01
1.110000000000000000e+03 9.999999999994759747e-01
1.111000000000000000e+03 9.999999999994750866e-01
1.112000000000000000e+03 9.999999999994746425e-01
1.113000000000000000e+03 9.999999999994740874e-01
1.114000000000000000e+03 9.999999999994734212e-01
1.115000000000000000e+03 9.999999999994727551e-01
1.116000000000000000e+03 9.999999999994722000e-01
1.117000000000000000e+03 9.999999999994716449e-01
1.118000000000000000e+03 9.999999999994708677e-01
1.119000000000000000e+03 9.999999999994703126e-01
1.120000000000000000e+03 9.999999999994697575e-01
1.121000000000000000e+03 9.999999999994692024e-01
1.122000000000000000e+03 9.999999999994685362e-01
1.123000000000000000e+03 9.999999999994679811e-01
1.124000000000000000e+03 9.999999999994673150e-01
1.125000000000000000e+03 9.999999999994667599e-01
1.126000000000000000e+03 9.999999999994659827e-01
1.127000000000000000e+03 9.999999999994655386e-01
1.128000000000000000e+03 9.999999999994650945e-01
1.129000000000000000e+03 9.999999999994642064e-01
1.130000000000000000e+03 9.999999999994636513e-01
1.131000000000000000e+03 9.999999999994628741e-01
1.132000000000000000e+03 9.999999999994624300e-01
1.133000000000000000e+03 9.999999999994616529e-01
1.134000000000000000e+03 9.999999999994609867e-01
1.135000000000000000e+03 9.999999999994604316e-01
1.136000000000000000e+03 9.999999999994597655e-01
1.137000000000000000e+03 9.999999999994592104e-01
1.138000000000000000e+03 9.999999999994587663e-01
1.139000000000000000e+03 9.999999999994579891e-01
1.140000000000000000e+03 9.999999999994573230e-01
1.141000000000000000e+03 9.999999999994567679e-01
1.142000000000000000e+03 9.999999999994559907e-01
1.143000000000000000e+03 9.999999999994554356e-01
1.144000000000000000e+03 9.999999999994547695e-01
1.145000000000000000e+03 9.999999999994542144e-01
1.146000000000000000e+03 9.999999999994535482e-01
1.147000000000000000e+03 9.999999999994528821e-01
1.148000000000000000e+03 9.999999999994523270e-01
1.149000000000000000e+03 9.999999999994517719e-01
1.150000000000000000e+03 9.999999999994512168e-01
1.151000000000000000e+03 9.999999999994504396e-01
1.152000000000000000e+03 9.999999999994501065e-01
1.153000000000000000e+03 9.999999999994493294e-01
1.154000000000000000e+03 9.999999999994487743e-01
1.155000000000000000e+03 9.999999999994482192e-01
1.156000000000000000e+03 9.999999999994475530e-01
1.157000000000000000e+03 9.999999999994469979e-01
1.158000000000000000e+03 9.999999999994462208e-01
1.159000000000000000e+03 9.999999999994456656e-01
1.160000000000000000e+03 9.999999999994448885e-01
1.161000000000000000e+03 9.999999999994443334e-01
1.162000000000000000e+03 9.999999999994435562e-01
1.163000000000000000e+03 9.999999999994431121e-01
1.164000000000000000e+03 9.999999999994422240e-01
1.165000000000000000e+03 9.999999999994416688e-01
1.166000000000000000e+03 9.999999999994411137e-01
1.167000000000000000e+03 9.999999999994405586e-01
1.168000000000000000e+03 9.999999999994401145e-01
1.169000000000000000e+03 9.999999999994395594e-01
1.170000000000000000e+03 9.999999999994388933e-01
1.171000000000000000e+03 9.999999999994381161e-01
1.172000000000000000e+03 9.999999999994373390e-01
1.173000000000000000e+03 9.999999999994367839e-01
1.174000000000000000e+03 9.999999999994364508e-01
1.175000000000000000e+03 9.999999999994357847e-01
1.176000000000000000e+03 9.999999999994351185e-01
1.177000000000000000e+03 9.999999999994345634e-01
1.178000000000000000e+03 9.999999999994338973e-01
1.179000000000000000e+03 9.999999999994333422e-01
1.180000000000000000e+03 9.999999999994324540e-01
1.181000000000000000e+03 9.999999999994320099e-01
1.182000000000000000e+03 9.999999999994313438e-01
1.183000000000000000e+03 9.999999999994307887e-01
1.184000000000000000e+03 9.999999999994301225e-01
1.185000000000000000e+03 9.999999999994296784e-01
1.186000000000000000e+03 9.999999999994290123e-01
1.187000000000000000e+03 9.999999999994284572e-01
1.188000000000000000e+03 9.999999999994275690e-01
1.189000000000000000e+03 9.999999999994271249e-01
1.190000000000000000e+03 9.999999999994263478e-01
1.191000000000000000e+03 9.999999999994255706e-01
1.192000000000000000e+03 9.999999999994252375e-01
1.193000000000000000e+03 9.999999999994245714e-01
1.194000000000000000e+03 9.999999999994239053e-01
1.195000000000000000e+03 9.999999999994231281e-01
1.196000000000000000e+03 9.999999999994227950e-01
1.197000000000000000e+03 9.999999999994222399e-01
1.198000000000000000e+03 9.999999999994212407e-01
1.199000000000000000e+03 9.999999999994207966e-01
1.200000000000000000e+03 9.999999999994201305e-01
1.201000000000000000e+03 9.999999999994195754e-01
1.202000000000000000e+03 9.999999999994190203e-01
1.203000000000000000e+03 9.999999999994182431e-01
1.204000000000000000e+03 9.999999999994176880e-01
1.205000000000000000e+03 9.999999999994170219e-01
1.206000000000000000e+03 9.999999999994164668e-01
1.207000000000000000e+03 9.999999999994156896e-01
1.208000000000000000e+03 9.999999999994150235e-01
1.209000000000000000e+03 9.999999999994145794e-01
1.210000000000000000e+03 9.999999999994139133e-01
1.211000000000000000e+03 9.999999999994133582e-01
1.212000000000000000e+03 9.999999999994126920e-01
1.213000000000000000e+03 9.999999999994120259e-01
1.214000000000000000e+03 9.999999999994113598e-01
1.215000000000000000e+03 9.999999999994106936e-01
1.216000000000000000e+03 9.999999999994100275e-01
1.217000000000000000e+03 9.999999999994094724e-01
1.218000000000000000e+03 9.999999999994088062e-01
1.219000000000000000e+03 9.999999999994081401e-01
1.220000000000000000e+03 9.999999999994076960e-01
1.221000000000000000e+03 9.999999999994070299e-01
1.222000000000000000e+03 9.999999999994061417e-01
1.223000000000000000e+03 9.999999999994058086e-01
1.224000000000000000e+03 9.999999999994050315e-01
1.225000000000000000e+03 9.999999999994045874e-01
1.226000000000000000e+03 9.999999999994038102e-01
1.227000000000000000e+03 9.999999999994032551e-01
1.228000000000000000e+03 9.999999999994025890e-01
1.229000000000000000e+03 9.999999999994020339e-01
1.230000000000000000e+03 9.999999999994014788e-01
1.231000000000000000e+03 9.999999999994007016e-01
1.232000000000000000e+03 9.999999999994000355e-01
1.233000000000000000e+03 9.999999999993994804e-01
1.234000000000000000e+03 9.999999999993989253e-01
1.235000000000000000e+03 9.999999999993982591e-01
1.236000000000000000e+03 9.999999999993977040e-01
1.237000000000000000e+03 9.999999999993969269e-01
1.238000000000000000e+03 9.999999999993963717e-01
1.239000000000000000e+03 9.999999999993955946e-01
1.240000000000000000e+03 9.999999999993950395e-01
1.241000000000000000e+03 9.999999999993944844e-01
1.242000000000000000e+03 9.999999999993938182e-01
1.243000000000000000e+03 9.999999999993931521e-01
1.244000000000000000e+03 9.999999999993923749e-01
1.245000000000000000e+03 9.999999999993918198e-01
1.246000000000000000e+03 9.999999999993911537e-01
1.247000000000000000e+03 9.999999999993905986e-01
1.248000000000000000e+03 9.999999999993900435e-01
1.249000000000000000e+03 9.999999999993892663e-01
1.250000000000000000e+03 9.999999999993889332e-01
1.251000000000000000e+03 9.999999999993881561e-01
1.252000000000000000e+03 9.999999999993876010e-01
1.253000000000000000e+03 9.999999999993870459e-01
1.254000000000000000e+03 9.999999999993863797e-01
1.255000000000000000e+03 9.999999999993858246e-01
1.256000000000000000e+03 9.999999999993851585e-01
1.257000000000000000e+03 9.999999999993844924e-01
1.258000000000000000e+03 9.999999999993838262e-01
1.259000000000000000e+03 9.999999999993831601e-01
1.260000000000000000e+03 9.999999999993824940e-01
1.261000000000000000e+03 9.999999999993818278e-01
1.262000000000000000e+03 9.999999999993810507e-01
1.263000000000000000e+03 9.999999999993803845e-01
1.264000000000000000e+03 9.999999999993799404e-01
1.265000000000000000e+03 9.999999999993791633e-01
1.266000000000000000e+03 9.999999999993784972e-01
1.267000000000000000e+03 9.999999999993780531e-01
1.268000000000000000e+03 9.999999999993772759e-01
1.269000000000000000e+03 9.999999999993766098e-01
1.270000000000000000e+03 9.999999999993760547e-01
1.271000000000000000e+03 9.999999999993754995e-01
1.272000000000000000e+03 9.999999999993748334e-01
1.273000000000000000e+03 9.999999999993742783e-01
1.274000000000000000e+03 9.999999999993737232e-01
1.275000000000000000e+03 9.999999999993731681e-01
1.276000000000000000e+03 9.999999999993725019e-01
1.277000000000000000e+03 9.999999999993718358e-01
1.278000000000000000e+03 9.999999999993710587e-01
1.279000000000000000e+03 9.999999999993705035e-01
1.280000000000000000e+03 9.999999999993697264e-01
1.281000000000000000e+03 9.999999999993691713e-01
1.282000000000000000e+03 9.999999999993687272e-01
1.283000000000000000e+03 9.999999999993680611e-01
1.284000000000000000e+03 9.999999999993673949e-01
1.285000000000000000e+03 9.999999999993667288e-01
1.286000000000000000e+03 9.999999999993660627e-01
1.287000000000000000e+03 9.999999999993656186e-01
1.288000000000000000e+03 9.999999999993648414e-01
1.289000000000000000e+03 9.999999999993643973e-01
1.290000000000000000e+03 9.999999999993637312e-01
1.291000000000000000e+03 9.999999999993630651e-01
1.292000000000000000e+03 9.999999999993623989e-01
1.293000000000000000e+03 9.999999999993617328e-01
1.294000000000000000e+03 9.999999999993612887e-01
1.295000000000000000e+03 9.999999999993605115e-01
1.296000000000000000e+03 9.999999999993597344e-01
1.297000000000000000e+03 9.999999999993590682e-01
1.298000000000000000e+03 9.999999999993584021e-01
1.299000000000000000e+03 9.999999999993578470e-01
1.300000000000000000e+03 9.999999999993574029e-01
1.301000000000000000e+03 9.999999999993565147e-01
1.302000000000000000e+03 9.999999999993561817e-01
1.303000000000000000e+03 9.999999999993556266e-01
1.304000000000000000e+03 9.999999999993549604e-01
1.305000000000000000e+03 9.999999999993541833e-01
1.306000000000000000e+03 9.999999999993536282e-01
1.307000000000000000e+03 9.999999999993529620e-01
1.308000000000000000e+03 9.999999999993525179e-01
1.309000000000000000e+03 9.999999999993518518e-01
1.310000000000000000e+03 9.999999999993512967e-01
1.311000000000000000e+03 9.999999999993507416e-01
1.312000000000000000e+03 9.999999999993498534e-01
1.313000000000000000e+03 9.999999999993492983e-01
1.314000000000000000e+03 9.999999999993487432e-01
1.315000000000000000e+03 9.999999999993480770e-01
1.316000000000000000e+03 9.999999999993476330e-01
1.317000000000000000e+03 9.999999999993469668e-01
1.318000000000000000e+03 9.999999999993463007e-01
1.319000000000000000e+03 9.999999999993456345e-01
1.320000000000000000e+03 9.999999999993449684e-01
1.321000000000000000e+03 9.999999999993443023e-01
1.322000000000000000e+03 9.999999999993438582e-01
1.323000000000000000e+03 9.999999999993431921e-01
1.324000000000000000e+03 9.999999999993426369e-01
1.325000000000000000e+03 9.999999999993419708e-01
1.326000000000000000e+03 9.999999999993410826e-01
1.327000000000000000e+03 9.999999999993405275e-01
1.328000000000000000e+03 9.999999999993398614e-01
1.329000000000000000e+03 9.999999999993393063e-01
1.330000000000000000e+03 9.999999999993385291e-01
1.331000000000000000e+03 9.999999999993379740e-01
1.332000000000000000e+03 9.999999999993374189e-01
1.333000000000000000e+03 9.999999999993369748e-01
1.334000000000000000e+03 9.999999999993360866e-01
1.335000000000000000e+03 9.999999999993356425e-01
1.336000000000000000e+03 9.999999999993349764e-01
1.337000000000000000e+03 9.999999999993344213e-01
1.338000000000000000e+03 9.999999999993336441e-01
1.339000000000000000e+03 9.999999999993332001e-01
1.340000000000000000e+03 9.999999999993323119e-01
1.341000000000000000e+03 9.999999999993316457e-01
1.342000000000000000e+03 9.999999999993310906e-01
1.343000000000000000e+03 9.999999999993305355e-01
1.344000000000000000e+03 9.999999999993299804e-01
1.345000000000000000e+03 9.999999999993289812e-01
1.346000000000000000e+03 9.999999999993286481e-01
1.347000000000000000e+03 9.999999999993278710e-01
1.348000000000000000e+03 9.999999999993272048e-01
1.349000000000000000e+03 9.999999999993267608e-01
1.350000000000000000e+03 9.999999999993260946e-01
1.351000000000000000e+03 9.999999999993256505e-01
1.352000000000000000e+03 9.999999999993245403e-01
1.353000000000000000e+03 9.999999999993240962e-01
1.354000000000000000e+03 9.999999999993234301e-01
1.355000000000000000e+03 9.999999999993227640e-01
1.356000000000000000e+03 9.999999999993220978e-01
1.357000000000000000e+03 9.999999999993216537e-01
1.358000000000000000e+03 9.999999999993209876e-01
1.359000000000000000e+03 9.999999999993204325e-01
1.360000000000000000e+03 9.999999999993197664e-01
1.361000000000000000e+03 9.999999999993193223e-01
1.362000000000000000e+03 9.999999999993184341e-01
1.363000000000000000e+03 9.999999999993179900e-01
1.364000000000000000e+03 9.999999999993172128e-01
1.365000000000000000e+03 9.999999999993166577e-01
1.366000000000000000e+03 9.999999999993158806e-01
1.367000000000000000e+03 9.999999999993153255e-01
1.368000000000000000e+03 9.999999999993146593e-01
1.369000000000000000e+03 9.999999999993141042e-01
1.370000000000000000e+03 9.999999999993135491e-01
1.371000000000000000e+03 9.999999999993129940e-01
1.372000000000000000e+03 9.999999999993123279e-01
1.373000000000000000e+03 9.999999999993116617e-01
1.374000000000000000e+03 9.999999999993108846e-01
1.375000000000000000e+03 9.999999999993103295e-01
1.376000000000000000e+03 9.999999999993098854e-01
1.377000000000000000e+03 9.999999999993091082e-01
1.378000000000000000e+03 9.999999999993085531e-01
1.379000000000000000e+03 9.999999999993077759e-01
1.380000000000000000e+03 9.999999999993072208e-01
1.381000000000000000e+03 9.999999999993067767e-01
1.382000000000000000e+03 9.999999999993059996e-01
1.383000000000000000e+03 9.999999999993054445e-01
1.384000000000000000e+03 9.999999999993047783e-01
1.385000000000000000e+03 9.999999999993043343e-01
1.386000000000000000e+03 9.999999999993036681e-01
1.387000000000000000e+03 9.999999999993032240e-01
1.388000000000000000e+03 9.999999999993024469e-01
1.389000000000000000e+03 9.999999999993016697e-01
1.390000000000000000e+03 9.999999999993011146e-01
1.391000000000000000e+03 9.999999999993005595e-01
1.392000000000000000e+03 9.999999999992998934e-01
1.393000000000000000e+03 9.999999999992992272e-01
1.394000000000000000e+03 9.999999999992987831e-01
1.395000000000000000e+03 9.999999999992981170e-01
1.396000000000000000e+03 9.999999999992975619e-01
1.397000000000000000e+03 9.999999999992968958e-01
1.398000000000000000e+03 9.999999999992961186e-01
1.399000000000000000e+03 9.999999999992956745e-01
1.400000000000000000e+03 9.999999999992950084e-01
1.401000000000000000e+03 9.999999999992944533e-01
1.402000000000000000e+03 9.999999999992938982e-01
1.403000000000000000e+03 9.999999999992932320e-01
1.404000000000000000e+03 9.999999999992926769e-01
1.405000000000000000e+03 9.999999999992920108e-01
1.406000000000000000e+03 9.999999999992913446e-01
1.407000000000000000e+03 9.999999999992907895e-01
1.408000000000000000e+03 9.999999999992901234e-01
1.409000000000000000e+03 9.999999999992895683e-01
1.410000000000000000e+03 9.999999999992887911e-01
1.411000000000000000e+03 9.999999999992883470e-01
1.412000000000000000e+03 9.999999999992875699e-01
1.413000000000000000e+03 9.999999999992870148e-01
1.414000000000000000e+03 9.999999999992865707e-01
1.415000000000000000e+03 9.999999999992857935e-01
1.416000000000000000e+03 9.999999999992854605e-01
1.417000000000000000e+03 9.999999999992846833e-01
1.418000000000000000e+03 9.999999999992841282e-01
1.419000000000000000e+03 9.999999999992834621e-01
1.420000000000000000e+03 9.999999999992827959e-01
1.421000000000000000e+03 9.999999999992820188e-01
1.422000000000000000e+03 9.999999999992814637e-01
1.423000000000000000e+03 9.999999999992807975e-01
1.424000000000000000e+03 9.999999999992801314e-01
1.425000000000000000e+03 9.999999999992793542e-01
1.426000000000000000e+03 9.999999999992789101e-01
1.427000000000000000e+03 9.999999999992780220e-01
1.428000000000000000e+03 9.999999999992774669e-01
1.429000000000000000e+03 9.999999999992768007e-01
1.430000000000000000e+03 9.999999999992762456e-01
1.431000000000000000e+03 9.999999999992756905e-01
1.432000000000000000e+03 9.999999999992748023e-01
1.433000000000000000e+03 9.999999999992742472e-01
1.434000000000000000e+03 9.999999999992734701e-01
1.435000000000000000e+03 9.999999999992730260e-01
1.436000000000000000e+03 9.999999999992721378e-01
1.437000000000000000e+03 9.999999999992714717e-01
1.438000000000000000e+03 9.999999999992710276e-01
1.439000000000000000e+03 9.999999999992701394e-01
1.440000000000000000e+03 9.999999999992695843e-01
1.441000000000000000e+03 9.999999999992690292e-01
1.442000000000000000e+03 9.999999999992682520e-01
1.443000000000000000e+03 9.999999999992676969e-01
1.444000000000000000e+03 9.999999999992671418e-01
1.445000000000000000e+03 9.999999999992664756e-01
1.446000000000000000e+03 9.999999999992659205e-01
1.447000000000000000e+03 9.999999999992651434e-01
1.448000000000000000e+03 9.999999999992645883e-01
1.449000000000000000e+03 9.999999999992641442e-01
1.450000000000000000e+03 9.999999999992634780e-01
1.451000000000000000e+03 9.999999999992628119e-01
1.452000000000000000e+03 9.999999999992623678e-01
1.453000000000000000e+03 9.999999999992617017e-01
1.454000000000000000e+03 9.999999999992608135e-01
1.455000000000000000e+03 9.999999999992603694e-01
1.456000000000000000e+03 9.999999999992597033e-01
1.457000000000000000e+03 9.999999999992590372e-01
1.458000000000000000e+03 9.999999999992585931e-01
1.459000000000000000e+03 9.999999999992578159e-01
1.460000000000000000e+03 9.999999999992572608e-01
1.461000000000000000e+03 9.999999999992568167e-01
1.462000000000000000e+03 9.999999999992559285e-01
1.463000000000000000e+03 9.999999999992553734e-01
1.464000000000000000e+03 9.999999999992548183e-01
1.465000000000000000e+03 9.999999999992541522e-01
1.466000000000000000e+03 9.999999999992534860e-01
1.467000000000000000e+03 9.999999999992529309e-01
1.468000000000000000e+03 9.999999999992522648e-01
1.469000000000000000e+03 9.999999999992514876e-01
1.470000000000000000e+03 9.999999999992509325e-01
1.471000000000000000e+03 9.999999999992501554e-01
1.472000000000000000e+03 9.999999999992496003e-01
1.473000000000000000e+03 9.999999999992491562e-01
1.474000000000000000e+03 9.999999999992484900e-01
1.475000000000000000e+03 9.999999999992478239e-01
1.476000000000000000e+03 9.999999999992471578e-01
1.477000000000000000e+03 9.999999999992464916e-01
1.478000000000000000e+03 9.999999999992459365e-01
1.479000000000000000e+03 9.999999999992451594e-01
1.480000000000000000e+03 9.999999999992448263e-01
1.481000000000000000e+03 9.999999999992440491e-01
1.482000000000000000e+03 9.999999999992432720e-01
1.483000000000000000e+03 9.999999999992426059e-01
1.484000000000000000e+03 9.999999999992421618e-01
1.485000000000000000e+03 9.999999999992414956e-01
1.486000000000000000e+03 9.999999999992407185e-01
1.487000000000000000e+03 9.999999999992401634e-01
1.488000000000000000e+03 9.999999999992396083e-01
1.489000000000000000e+03 9.999999999992389421e-01
1.490000000000000000e+03 9.999999999992381650e-01
1.491000000000000000e+03 9.999999999992377209e-01
1.492000000000000000e+03 9.999999999992368327e-01
1.493000000000000000e+03 9.999999999992361666e-01
1.494000000000000000e+03 9.999999999992357225e-01
1.495000000000000000e+03 9.999999999992349453e-01
1.496000000000000000e+03 9.999999999992341682e-01
1.497000000000000000e+03 9.999999999992336130e-01
1.498000000000000000e+03 9.999999999992330579e-01
1.499000000000000000e+03 9.999999999992322808e-01
1.500000000000000000e+03 9.999999999992317257e-01
