# Valores esperados de observables
# Columnas:
# paso  <x>  <p>  <Ec>  <V>  <Etotal>
# 
0.000000000000000000e+00 1.250000011242757125e+02 9.997440315377478237e-01 2.000000000000000444e+00 2.764205712491184155e-04 2.000276420571249769e+00
5.000000000000000000e+00 1.260026505911842776e+02 9.997397260700183752e-01 1.999951758740853291e+00 3.246618303889946679e-04 2.000276420571242220e+00
1.000000000000000000e+01 1.270052917484909329e+02 9.997278238001948703e-01 1.999899067778769579e+00 3.773527924666968797e-04 2.000276420571236446e+00
1.500000000000000000e+01 1.280079185356653397e+02 9.997116555579961261e-01 1.999837839281795704e+00 4.385812894338405633e-04 2.000276420571229341e+00
2.000000000000000000e+01 1.290105282054245492e+02 9.996940371246785251e-01 1.999761984771847079e+00 5.144357993758830227e-04 2.000276420571223124e+00
2.500000000000000000e+01 1.300131198594820034e+02 9.996757950208186028e-01 1.999671661165417058e+00 6.047594057997893483e-04 2.000276420571216907e+00
3.000000000000000000e+01 1.310156927161827696e+02 9.996564511525832808e-01 1.999570828370359710e+00 7.055922008510919462e-04 2.000276420571210689e+00
3.500000000000000000e+01 1.320182452993319089e+02 9.996352060386543004e-01 1.999459983447042344e+00 8.164371241618327687e-04 2.000276420571204028e+00
4.000000000000000000e+01 1.330207753292091013e+02 9.996112720577107202e-01 1.999334003282342564e+00 9.424172888554841008e-04 2.000276420571198255e+00
4.500000000000000000e+01 1.340232795275518356e+02 9.995834012667683677e-01 1.999185883001532327e+00 1.090537569659225320e-03 2.000276420571191593e+00
5.000000000000000000e+01 1.350257530532695966e+02 9.995498450649927813e-01 1.999012021929577498e+00 1.264398641607983450e-03 2.000276420571185376e+00
5.500000000000000000e+01 1.360281895552752474e+02 9.995095500380843934e-01 1.998813125379403477e+00 1.463295191775736224e-03 2.000276420571179159e+00
6.000000000000000000e+01 1.370305823990200054e+02 9.994629724385276637e-01 1.998589651159122127e+00 1.686769412050704176e-03 2.000276420571172942e+00
6.500000000000000000e+01 1.380329258240140859e+02 9.994111287276830069e-01 1.998338073891750222e+00 1.938346679416375236e-03 2.000276420571166724e+00
7.000000000000000000e+01 1.390352146689843096e+02 9.993540040694579574e-01 1.998052261289372522e+00 2.224159281787747942e-03 2.000276420571160063e+00
7.500000000000000000e+01 1.400374430067982985e+02 9.992901633871497102e-01 1.997726949071770619e+00 2.549471499383160894e-03 2.000276420571153846e+00
8.000000000000000000e+01 1.410396031828583716e+02 9.992178180011608291e-01 1.997358687304838565e+00 2.917733266308608023e-03 2.000276420571147185e+00
8.500000000000000000e+01 1.420416860519441116e+02 9.991358672215218117e-01 1.996943955581933272e+00 3.332464989207387703e-03 2.000276420571140523e+00
9.000000000000000000e+01 1.430436816504960689e+02 9.990436561960956974e-01 1.996477733171406976e+00 3.798687399727614100e-03 2.000276420571134750e+00
9.500000000000000000e+01 1.440455791848223157e+02 9.989400713932385933e-01 1.995954239505402628e+00 4.322181065725015300e-03 2.000276420571127645e+00
1.000000000000000000e+02 1.450473664127213738e+02 9.988233996807113213e-01 1.995367879317544668e+00 4.908541253577172053e-03 2.000276420571121871e+00
1.050000000000000000e+02 1.460490293837537195e+02 9.986920775606139555e-01 1.994712551212215690e+00 5.563869358899439614e-03 2.000276420571115210e+00
1.100000000000000000e+02 1.470505528876248889e+02 9.985451647072345338e-01 1.993980703277385969e+00 6.295717293723458036e-03 2.000276420571109437e+00
1.150000000000000000e+02 1.480519209168651003e+02 9.983819028558249542e-01 1.993164243103309863e+00 7.112177467793575486e-03 2.000276420571103220e+00
1.200000000000000000e+02 1.490531165138540644e+02 9.982010903660925027e-01 1.992256289902345046e+00 8.020130668752649059e-03 2.000276420571097891e+00
1.250000000000000000e+02 1.500541212891956775e+02 9.980011091023925918e-01 1.991250838017756042e+00 9.025582553335246422e-03 2.000276420571091229e+00
1.300000000000000000e+02 1.510549151893940518e+02 9.977802852511222786e-01 1.990140228914297982e+00 1.013619165678721415e-02 2.000276420571085012e+00
1.350000000000000000e+02 1.520554764325158317e+02 9.975367975154937339e-01 1.988913828531439831e+00 1.136259203963892878e-02 2.000276420571078795e+00
1.400000000000000000e+02 1.530557811417060634e+02 9.972682673047067459e-01 1.987559978565957453e+00 1.271644200511488562e-02 2.000276420571072133e+00
1.450000000000000000e+02 1.540558028006740585e+02 9.969719143519562010e-01 1.986068803773376468e+00 1.420761679768973995e-02 2.000276420571066360e+00
1.500000000000000000e+02 1.550555122582653667e+02 9.966453969228534771e-01 1.984432191092913023e+00 1.584422947814740149e-02 2.000276420571060587e+00
1.550000000000000000e+02 1.560548784746120816e+02 9.962872644007787493e-01 1.982641126519631092e+00 1.763529405142249054e-02 2.000276420571053482e+00
1.600000000000000000e+02 1.570538691568268064e+02 9.958962959560806461e-01 1.980684097072859640e+00 1.959232349818789201e-02 2.000276420571047709e+00
1.650000000000000000e+02 1.580524504683422435e+02 9.954705316486307520e-01 1.978548456717780457e+00 2.172796385326081214e-02 2.000276420571041491e+00
1.700000000000000000e+02 1.590505861824491944e+02 9.950072553414047727e-01 1.976222468968025225e+00 2.405395160301020824e-02 2.000276420571035274e+00
1.750000000000000000e+02 1.600482373279539559e+02 9.945038500482271671e-01 1.973695298698847633e+00 2.658112187218143047e-02 2.000276420571029057e+00
1.800000000000000000e+02 1.610453625896113579e+02 9.939582484233666637e-01 1.970955630169153983e+00 2.932079040186938435e-02 2.000276420571023284e+00
1.850000000000000000e+02 1.620419186404707830e+02 9.933683771500969595e-01 1.967991380061630879e+00 3.228504050938658942e-02 2.000276420571017510e+00
1.900000000000000000e+02 1.630378597685459567e+02 9.927315095944568846e-01 1.964790720435234173e+00 3.548570013577716925e-02 2.000276420571011293e+00
1.950000000000000000e+02 1.640331372826661323e+02 9.920445455566999637e-01 1.961342362219631763e+00 3.893405835137377091e-02 2.000276420571005520e+00
2.000000000000000000e+02 1.650276995564286722e+02 9.913048500328116575e-01 1.957634520388315424e+00 4.264190018268386451e-02 2.000276420570999303e+00
2.050000000000000000e+02 1.660214926996201541e+02 9.905105227748436381e-01 1.953654601594799534e+00 4.662181897619339932e-02 2.000276420570993086e+00
2.100000000000000000e+02 1.670144610774659668e+02 9.896598898405805089e-01 1.949390831000630264e+00 5.088558957035684699e-02 2.000276420570987312e+00
2.150000000000000000e+02 1.680065472981533787e+02 9.887510941664888753e-01 1.944833768950043895e+00 5.544265162093715837e-02 2.000276420570981095e+00
2.200000000000000000e+02 1.689976920918495864e+02 9.877822837127698818e-01 1.939975269797904245e+00 6.030115077307093147e-02 2.000276420570975322e+00
2.250000000000000000e+02 1.699878344437991302e+02 9.867518169035635056e-01 1.934806050449882520e+00 6.547037012108695986e-02 2.000276420570969549e+00
2.300000000000000000e+02 1.709769116694282900e+02 9.856579385587852515e-01 1.929315350552618380e+00 7.096107001834568717e-02 2.000276420570964220e+00
2.350000000000000000e+02 1.719648590899462306e+02 9.844984388338239301e-01 1.923493446832629017e+00 7.678297373832874972e-02 2.000276420570957558e+00
2.400000000000000000e+02 1.729516097274610900e+02 9.832710772542041511e-01 1.917333805745628394e+00 8.294261482532395979e-02 2.000276420570952229e+00
2.450000000000000000e+02 1.739370947209253586e+02 9.819744436751104422e-01 1.910832201011247289e+00 8.944421955969918125e-02 2.000276420570946456e+00
2.500000000000000000e+02 1.749212443311153322e+02 9.806081303110627534e-01 1.903984373552878306e+00 9.629204701806247380e-02 2.000276420570940683e+00
2.550000000000000000e+02 1.759039886022834764e+02 9.791719655010254764e-01 1.896785587058585243e+00 1.034908335123502360e-01 2.000276420570935354e+00
2.600000000000000000e+02 1.768852572263469085e+02 9.776653945964084436e-01 1.889232403435943786e+00 1.110440171349863503e-01 2.000276420570930025e+00
2.650000000000000000e+02 1.778649792799347154e+02 9.760878688286775962e-01 1.881323942757100021e+00 1.189524778138243560e-01 2.000276420570924252e+00
2.700000000000000000e+02 1.788430836371275632e+02 9.744396126080998588e-01 1.873061169723084785e+00 1.272152508478342214e-01 2.000276420570918923e+00
2.750000000000000000e+02 1.798194998134121079e+02 9.727215931483943478e-01 1.864445903306823471e+00 1.358305172640899561e-01 2.000276420570913594e+00
2.800000000000000000e+02 1.807941583289679386e+02 9.709347165175121752e-01 1.855481288399632556e+00 1.447951321712751538e-01 2.000276420570907820e+00
2.850000000000000000e+02 1.817669903700148950e+02 9.690794172462339207e-01 1.846172710934575356e+00 1.541037096363273018e-01 2.000276420570902491e+00
2.900000000000000000e+02 1.827379275375484724e+02 9.671562247607670137e-01 1.836527328352705934e+00 1.637490922181913111e-01 2.000276420570897162e+00
2.950000000000000000e+02 1.837069023477798453e+02 9.651665179023496410e-01 1.826552868274253560e+00 1.737235522966386059e-01 2.000276420570892277e+00
3.000000000000000000e+02 1.846738491577987702e+02 9.631125430961703371e-01 1.816257923055429879e+00 1.840184975154574298e-01 2.000276420570887392e+00
3.050000000000000000e+02 1.856387048010997773e+02 9.609969246079972383e-01 1.805653779890041388e+00 1.946226406808407583e-01 2.000276420570882063e+00
3.100000000000000000e+02 1.866014088466183978e+02 9.588224967982965641e-01 1.794755155062858654e+00 2.055212655080184969e-01 2.000276420570877178e+00
3.150000000000000000e+02 1.875619039177321952e+02 9.565925319087044132e-01 1.783578441322423380e+00 2.166979792484481082e-01 2.000276420570871405e+00
3.200000000000000000e+02 1.885201361443493795e+02 9.543106949158322028e-01 1.772139668177049154e+00 2.281367523938174768e-01 2.000276420570866520e+00
3.250000000000000000e+02 1.894760553221435373e+02 9.519805632573822285e-01 1.760454928094211668e+00 2.398214924766499112e-01 2.000276420570861635e+00
3.300000000000000000e+02 1.904296146706365107e+02 9.496054242618441332e-01 1.748542574327053956e+00 2.517338462438030167e-01 2.000276420570856750e+00
3.350000000000000000e+02 1.913807707603507993e+02 9.471887890010217692e-01 1.736424068274721622e+00 2.638523522961306322e-01 2.000276420570852309e+00
3.400000000000000000e+02 1.923294840673574129e+02 9.447349741224952968e-01 1.724122407846748306e+00 2.761540127240990072e-01 2.000276420570847424e+00
3.450000000000000000e+02 1.932757197561284102e+02 9.422489186368002700e-01 1.711660430414438716e+00 2.886159901564041563e-01 2.000276420570842983e+00
3.500000000000000000e+02 1.942194479577099457e+02 9.397354959770929383e-01 1.699061089773655331e+00 3.012153307971833782e-01 2.000276420570838543e+00
3.550000000000000000e+02 1.951606435415619671e+02 9.371993227839686691e-01 1.686348722600983674e+00 3.139276979698500392e-01 2.000276420570833658e+00
3.600000000000000000e+02 1.960992861030716767e+02 9.346453110956279842e-01 1.673549128553210696e+00 3.267272920176186313e-01 2.000276420570829217e+00
3.650000000000000000e+02 1.970353605182818342e+02 9.320790795158082620e-01 1.660688454690638416e+00 3.395879658801864154e-01 2.000276420570824776e+00
3.700000000000000000e+02 1.979688574987358152e+02 9.295065221597664795e-01 1.647792691405735699e+00 3.524837291650844695e-01 2.000276420570820335e+00
3.750000000000000000e+02 1.988997734701965499e+02 9.269330458997804278e-01 1.634888291281472616e+00 3.653881292893431665e-01 2.000276420570815894e+00
3.800000000000000000e+02 1.998281099480804812e+02 9.243634361765948881e-01 1.622002389277856560e+00 3.782740312929544491e-01 2.000276420570811009e+00
3.850000000000000000e+02 2.007538731594824810e+02 9.218024042238698312e-01 1.609161749470051195e+00 3.911146711007560950e-01 2.000276420570807456e+00
3.900000000000000000e+02 2.016770742122067759e+02 9.192549994668405278e-01 1.596391808734634488e+00 4.038846118361683613e-01 2.000276420570803015e+00
3.950000000000000000e+02 2.025977293859338602e+02 9.167264392377425519e-01 1.583717286213306430e+00 4.165591343574923666e-01 2.000276420570799019e+00
4.000000000000000000e+02 2.035158601346184923e+02 9.142217973232364958e-01 1.571163448450701994e+00 4.291129721200926950e-01 2.000276420570794578e+00
4.050000000000000000e+02 2.044314929356389996e+02 9.117460345160491864e-01 1.558755952885308327e+00 4.415204676854824206e-01 2.000276420570790581e+00
4.100000000000000000e+02 2.053446592600915892e+02 9.093041399028886085e-01 1.546519168617198403e+00 4.537572519535886251e-01 2.000276420570787028e+00
4.150000000000000000e+02 2.062553955264791341e+02 9.069009293124934423e-01 1.534475089957499483e+00 4.658013306132833820e-01 2.000276420570783031e+00
4.200000000000000000e+02 2.071637427222205758e+02 9.045406597454510589e-01 1.522644105302709550e+00 4.776323152680699846e-01 2.000276420570779479e+00
4.250000000000000000e+02 2.080697457945606459e+02 9.022270137527882428e-01 1.511046268528574821e+00 4.892301520422008276e-01 2.000276420570775482e+00
4.300000000000000000e+02 2.089734532616719207e+02 8.999634930024691393e-01 1.499701185670427428e+00 5.005752349003440571e-01 2.000276420570771485e+00
4.350000000000000000e+02 2.098749171744987052e+02 8.977536289294549832e-01 1.488626772585110780e+00 5.116496479856567081e-01 2.000276420570767488e+00
4.400000000000000000e+02 2.107741930262647259e+02 8.956006849131052938e-01 1.477838653845580108e+00 5.224377667251837165e-01 2.000276420570763936e+00
4.450000000000000000e+02 2.116713392830375824e+02 8.935073057060431978e-01 1.467350787625491426e+00 5.329256329452680685e-01 2.000276420570759495e+00
4.500000000000000000e+02 2.125664167956801123e+02 8.914756675133700403e-01 1.457176082256943728e+00 5.431003383138123253e-01 2.000276420570755942e+00
4.550000000000000000e+02 2.134594885629534247e+02 8.895079364629419061e-01 1.447326050103624917e+00 5.529503704671266950e-01 2.000276420570751501e+00
4.600000000000000000e+02 2.143506198198631978e+02 8.876063716959836647e-01 1.437810202499613998e+00 5.624662180711340609e-01 2.000276420570747948e+00
4.650000000000000000e+02 2.152398779459495586e+02 8.857729040172396262e-01 1.428636215430924006e+00 5.716402051398203898e-01 2.000276420570744396e+00
4.700000000000000000e+02 2.161273319094193255e+02 8.840087377687966264e-01 1.419810521816518900e+00 5.804658987542218318e-01 2.000276420570740843e+00
4.750000000000000000e+02 2.170130515450822202e+02 8.823144431182715630e-01 1.411338251611434558e+00 5.889381689593027325e-01 2.000276420570737290e+00
4.800000000000000000e+02 2.178971070994452077e+02 8.806903236656330458e-01 1.403222526797685221e+00 5.970538937730486273e-01 2.000276420570733737e+00
4.850000000000000000e+02 2.187795690659471859e+02 8.791365722193271726e-01 1.395464234567295403e+00 6.048121860034347819e-01 2.000276420570730185e+00
4.900000000000000000e+02 2.196605080273822921e+02 8.776531584359008598e-01 1.388062733580630592e+00 6.122136869900963729e-01 2.000276420570727076e+00
4.950000000000000000e+02 2.205399943947044790e+02 8.762397807606275846e-01 1.381016521182658163e+00 6.192598993880655822e-01 2.000276420570723523e+00
5.000000000000000000e+02 2.214180981998655398e+02 8.748960084423271777e-01 1.374322917166435065e+00 6.259535034042853496e-01 2.000276420570720415e+00
5.050000000000000000e+02 2.222948890221583724e+02 8.736213642472963059e-01 1.367977267787030105e+00 6.322991527836865355e-01 2.000276420570716418e+00
5.100000000000000000e+02 2.231704358809093662e+02 8.724151810947563535e-01 1.361972873693960251e+00 6.383035468767526144e-01 2.000276420570712865e+00
5.150000000000000000e+02 2.240448069501146904e+02 8.712764355424524876e-01 1.356301831065423791e+00 6.439745895052857438e-01 2.000276420570709313e+00
5.200000000000000000e+02 2.249180692077025014e+02 8.702037917018466961e-01 1.350955833962573127e+00 6.493205866081328548e-01 2.000276420570705760e+00
5.250000000000000000e+02 2.257902881949022742e+02 8.691957309845363966e-01 1.345926327601426387e+00 6.543500929692758206e-01 2.000276420570702207e+00
5.300000000000000000e+02 2.266615278205385948e+02 8.682504850728229862e-01 1.341204507628222853e+00 6.590719129424761347e-01 2.000276420570699099e+00
5.350000000000000000e+02 2.275318499967886794e+02 8.673658071383262280e-01 1.336781774251880828e+00 6.634946463188143850e-01 2.000276420570695102e+00
5.400000000000000000e+02 2.284013141136370848e+02 8.665389335072035681e-01 1.332650281116686486e+00 6.676261394540052851e-01 2.000276420570691549e+00
5.450000000000000000e+02 2.292699766639047994e+02 8.657669151427809240e-01 1.328802725044705202e+00 6.714736955259832385e-01 2.000276420570688440e+00
5.500000000000000000e+02 2.301378912901515719e+02 8.650470692853747812e-01 1.325231268158053810e+00 6.750451524126312997e-01 2.000276420570685332e+00
5.550000000000000000e+02 2.310051091846766269e+02 8.643771979476841949e-01 1.321926417588107361e+00 6.783500029825741962e-01 2.000276420570681779e+00
5.600000000000000000e+02 2.318716795533799768e+02 8.637555157962213404e-01 1.318876660310366766e+00 6.813997602603112380e-01 2.000276420570678226e+00
5.650000000000000000e+02 2.327376499333995525e+02 8.631804552858144408e-01 1.316068993064782422e+00 6.842074275058922517e-01 2.000276420570674674e+00
5.700000000000000000e+02 2.336030662914892559e+02 8.626504165591173390e-01 1.313490162604955991e+00 6.867862579657151301e-01 2.000276420570671121e+00
5.750000000000000000e+02 2.344679728214720171e+02 8.621634092770300573e-01 1.311128418002020624e+00 6.891480025686476107e-01 2.000276420570668456e+00
5.800000000000000000e+02 2.353324113701805231e+02 8.617167065503334999e-01 1.308975161601779735e+00 6.913012589688849463e-01 2.000276420570664904e+00
5.850000000000000000e+02 2.361964206760905540e+02 8.613068754395187820e-01 1.307025252078999333e+00 6.932511684916616845e-01 2.000276420570660907e+00
5.900000000000000000e+02 2.370600359371920831e+02 8.609304081494657535e-01 1.305275058164558688e+00 6.950013624060991102e-01 2.000276420570657798e+00
5.950000000000000000e+02 2.379232891986181357e+02 8.605846478776996156e-01 1.303719103855628614e+00 6.965573167150258538e-01 2.000276420570654246e+00
6.000000000000000000e+02 2.387862105164389845e+02 8.602683081762858563e-01 1.302347831998132754e+00 6.979285885725182714e-01 2.000276420570651137e+00
6.050000000000000000e+02 2.396488291996201099e+02 8.599810709418241883e-01 1.301148698732217390e+00 6.991277218384297498e-01 2.000276420570647140e+00
6.100000000000000000e+02 2.405111742277929352e+02 8.597224099515099471e-01 1.300110318447401436e+00 7.001661021232424842e-01 2.000276420570644031e+00
6.150000000000000000e+02 2.413732734259860422e+02 8.594904213788140401e-01 1.299226695771246387e+00 7.010497247993943137e-01 2.000276420570640923e+00
6.200000000000000000e+02 2.422351518744170846e+02 8.592815818384320625e-01 1.298498054423878667e+00 7.017783661467578149e-01 2.000276420570636482e+00
6.250000000000000000e+02 2.430968307346014115e+02 8.590918225364201355e-01 1.297927088949818675e+00 7.023493316208144766e-01 2.000276420570632929e+00
6.300000000000000000e+02 2.439583275885820512e+02 8.589183257362666968e-01 1.297513094613999218e+00 7.027633259566301582e-01 2.000276420570629377e+00
6.350000000000000000e+02 2.448196583610386483e+02 8.587606699889784867e-01 1.297248617809329208e+00 7.030278027612968383e-01 2.000276420570625824e+00
6.400000000000000000e+02 2.456808395311560957e+02 8.586201594845950247e-01 1.297121900661449612e+00 7.031545199091727705e-01 2.000276420570622271e+00
6.450000000000000000e+02 2.465418887922329247e+02 8.584975422927541011e-01 1.297123878612882697e+00 7.031525419577366876e-01 2.000276420570619607e+00
6.500000000000000000e+02 2.474028233438215238e+02 8.583908878707089407e-01 1.297254201910429616e+00 7.030222186601866596e-01 2.000276420570616054e+00
6.550000000000000000e+02 2.482636570352591718e+02 8.582956394071896700e-01 1.297520757172666128e+00 7.027556633979465950e-01 2.000276420570612501e+00
6.600000000000000000e+02 2.491243988841911232e+02 8.582071898833470991e-01 1.297932360223967629e+00 7.023440603466415411e-01 2.000276420570608948e+00
6.650000000000000000e+02 2.499850546437984917e+02 8.581239858590303804e-01 1.298490644528562665e+00 7.017857760420428415e-01 2.000276420570605396e+00
6.700000000000000000e+02 2.508456304998990163e+02 8.580483232940704363e-01 1.299188722605552071e+00 7.010876979650498830e-01 2.000276420570601843e+00
6.750000000000000000e+02 2.517061358397117203e+02 8.579837466727319173e-01 1.300018739034765503e+00 7.002576815358328988e-01 2.000276420570598290e+00
6.800000000000000000e+02 2.525665824691625687e+02 8.579310225984988492e-01 1.300982280778652633e+00 6.992941397919421043e-01 2.000276420570594738e+00
6.850000000000000000e+02 2.534269806435859778e+02 8.578863030251633326e-01 1.302094214169224218e+00 6.981822064013670781e-01 2.000276420570591185e+00
6.900000000000000000e+02 2.542873353563734327e+02 8.578435417733765167e-01 1.303375645328507026e+00 6.969007752420806057e-01 2.000276420570587632e+00
6.950000000000000000e+02 2.551476465769045490e+02 8.577994622964040250e-01 1.304841484543751928e+00 6.954349360268323732e-01 2.000276420570584079e+00
7.000000000000000000e+02 2.560079138586107206e+02 8.577566384310308933e-01 1.306493823834204315e+00 6.937825967363772106e-01 2.000276420570581415e+00
7.050000000000000000e+02 2.568681415370455738e+02 8.577213711560782716e-01 1.308328005468431421e+00 6.919484151021464413e-01 2.000276420570577862e+00
7.100000000000000000e+02 2.577283395623414890e+02 8.576976345406432944e-01 1.310346627170032363e+00 6.899297934005419464e-01 2.000276420570574309e+00
7.150000000000000000e+02 2.585885185628065415e+02 8.576825078176882888e-01 1.312568149713956522e+00 6.877082708566139013e-01 2.000276420570570313e+00
7.200000000000000000e+02 2.594486832886945535e+02 8.576679102021501633e-01 1.315020395017251653e+00 6.852560255533154399e-01 2.000276420570567204e+00
7.250000000000000000e+02 2.603088308280888441e+02 8.576477922941521115e-01 1.317723402493630624e+00 6.825530180769325828e-01 2.000276420570563207e+00
7.300000000000000000e+02 2.611689560170171376e+02 8.576241586629902436e-01 1.320677816289687279e+00 6.795986042808731531e-01 2.000276420570560543e+00
7.350000000000000000e+02 2.620290593675176751e+02 8.576055016017529731e-01 1.323871378488662653e+00 6.764050420818945586e-01 2.000276420570557434e+00
7.400000000000000000e+02 2.628891495808687182e+02 8.575982669774461220e-01 1.327298663286737401e+00 6.729777572838164801e-01 2.000276420570553881e+00
7.450000000000000000e+02 2.637492373549379749e+02 8.575994294706874577e-01 1.330974729506230414e+00 6.693016910643199147e-01 2.000276420570550329e+00
7.500000000000000000e+02 2.646093259480305733e+02 8.575981476184764141e-01 1.334927956426754214e+00 6.653484641437924507e-01 2.000276420570546776e+00
7.550000000000000000e+02 2.654694080397522384e+02 8.575858189448666291e-01 1.339178219181979435e+00 6.610982013885636777e-01 2.000276420570543223e+00
7.600000000000000000e+02 2.663294728743159681e+02 8.575648608754249391e-01 1.343722777711141569e+00 6.565536428593981011e-01 2.000276420570539671e+00
7.650000000000000000e+02 2.671895172754619239e+02 8.575468558767679328e-01 1.348545759164547997e+00 6.517306614059880099e-01 2.000276420570536118e+00
7.700000000000000000e+02 2.680495494483371886e+02 8.575410417674285135e-01 1.353642974376148667e+00 6.466334461943840095e-01 2.000276420570532565e+00
7.750000000000000000e+02 2.689095811090191432e+02 8.575444663612995511e-01 1.359036659822695503e+00 6.412397607478329542e-01 2.000276420570528568e+00
7.800000000000000000e+02 2.697696154449176333e+02 8.575443727642019232e-01 1.364763569980591118e+00 6.355128505899334534e-01 2.000276420570524571e+00
7.850000000000000000e+02 2.706296434350717846e+02 8.575312569581532429e-01 1.370847093635688019e+00 6.294293269348333331e-01 2.000276420570521463e+00
7.900000000000000000e+02 2.714896531305507210e+02 8.575094740902559076e-01 1.377281769685974933e+00 6.229946508845431996e-01 2.000276420570518354e+00
7.950000000000000000e+02 2.723496429567633754e+02 8.574937893454291915e-01 1.384046900211135300e+00 6.162295203593788351e-01 2.000276420570513913e+00
8.000000000000000000e+02 2.732096250567320794e+02 8.574944799088971559e-01 1.391135366944154406e+00 6.091410536263559550e-01 2.000276420570510361e+00
8.050000000000000000e+02 2.740696143583285789e+02 8.575062105586075401e-01 1.398566353464727907e+00 6.017100671057789008e-01 2.000276420570506808e+00
8.100000000000000000e+02 2.749296141374656486e+02 8.575129415470391647e-01 1.406366771623407175e+00 5.939096489470959694e-01 2.000276420570503255e+00
8.150000000000000000e+02 2.757896132846680644e+02 8.575044730407690441e-01 1.414540343835808844e+00 5.857360767346897479e-01 2.000276420570498814e+00
8.200000000000000000e+02 2.766495985996135119e+02 8.574872288977991586e-01 1.423058308803117900e+00 5.772181117673768069e-01 2.000276420570494817e+00
8.250000000000000000e+02 2.775095692572485291e+02 8.574772987543010094e-01 1.431883289289659134e+00 5.683931312808319092e-01 2.000276420570490821e+00
8.300000000000000000e+02 2.783695377679854346e+02 8.574827696736313509e-01 1.441001305992123838e+00 5.592751145783630973e-01 2.000276420570486824e+00
8.350000000000000000e+02 2.792295161016584188e+02 8.574944766266844320e-01 1.450427167802702311e+00 5.498492527677809605e-01 2.000276420570483271e+00
8.400000000000000000e+02 2.800895019478085715e+02 8.574955860154613863e-01 1.460177607334486316e+00 5.400988132359928473e-01 2.000276420570479274e+00
8.450000000000000000e+02 2.809494802777612108e+02 8.574798364564526487e-01 1.470242484236738978e+00 5.300339363337365217e-01 2.000276420570475722e+00
8.500000000000000000e+02 2.818094387901554683e+02 8.574584804561244944e-01 1.480586434156005549e+00 5.196899864144657322e-01 2.000276420570471281e+00
8.550000000000000000e+02 2.826693805462716114e+02 8.574482168201440491e-01 1.491178748242931951e+00 5.090976723275354443e-01 2.000276420570467284e+00
8.600000000000000000e+02 2.835293201446440321e+02 8.574533931246495211e-01 1.502017040055757979e+00 4.982593805147050858e-01 2.000276420570463287e+00
8.650000000000000000e+02 2.843892679372803514e+02 8.574621062314707887e-01 1.513117157671874713e+00 4.871592628985843554e-01 2.000276420570458846e+00
8.700000000000000000e+02 2.852492198744151324e+02 8.574602508583610838e-01 1.524480294906884748e+00 4.757961256635699354e-01 2.000276420570454849e+00
8.750000000000000000e+02 2.861091639293193225e+02 8.574474490909591573e-01 1.536074441172249561e+00 4.642019793982007925e-01 2.000276420570450409e+00
8.800000000000000000e+02 2.869690952350033513e+02 8.574369107616445218e-01 1.547850820934892013e+00 4.524255996355541209e-01 2.000276420570445968e+00
8.850000000000000000e+02 2.878290224558827504e+02 8.574398152152423735e-01 1.559775614080957329e+00 4.405008064894843089e-01 2.000276420570441527e+00
8.900000000000000000e+02 2.886889583748315431e+02 8.574524618812455756e-01 1.571840132462771766e+00 4.284362881076658192e-01 2.000276420570437530e+00
8.950000000000000000e+02 2.895489059167445589e+02 8.574608114740461806e-01 1.584038968791263269e+00 4.162374517791699313e-01 2.000276420570433089e+00
9.000000000000000000e+02 2.904088556673817152e+02 8.574565655880432846e-01 1.596343971346746216e+00 4.039324492236822106e-01 2.000276420570428648e+00
9.050000000000000000e+02 2.912687971016432016e+02 8.574458012032117882e-01 1.608706252436819417e+00 3.915701681336047346e-01 2.000276420570424207e+00
9.100000000000000000e+02 2.921287298895265394e+02 8.574406331406696502e-01 1.621083940532280332e+00 3.791924800381393235e-01 2.000276420570419766e+00
9.150000000000000000e+02 2.929886623960364318e+02 8.574446493969296590e-01 1.633462216798623468e+00 3.668142037717915804e-01 2.000276420570414881e+00
9.200000000000000000e+02 2.938486002733828855e+02 8.574496216687342853e-01 1.645841943214015002e+00 3.544344773563954942e-01 2.000276420570410441e+00
9.250000000000000000e+02 2.947085395483781554e+02 8.574466931479133303e-01 1.658211302053647307e+00 3.420651185167584707e-01 2.000276420570405556e+00
9.300000000000000000e+02 2.955684723370671918e+02 8.574377365170976484e-01 1.670534682277486693e+00 3.297417382929139218e-01 2.000276420570400671e+00
9.350000000000000000e+02 2.964283975544137775e+02 8.574329982066370981e-01 1.682771010399778389e+00 3.175054101706177301e-01 2.000276420570396230e+00
9.400000000000000000e+02 2.972883231551451217e+02 8.574383999592805061e-01 1.694897483141526440e+00 3.053789374288647940e-01 2.000276420570391345e+00
9.450000000000000000e+02 2.981482573058727894e+02 8.574484674043710841e-01 1.706908745432550223e+00 2.933676751378360703e-01 2.000276420570386460e+00
9.500000000000000000e+02 2.990081996305095799e+02 8.574534651092390325e-01 1.718792838332454664e+00 2.814835822379266328e-01 2.000276420570381131e+00
9.550000000000000000e+02 2.998681432505985072e+02 8.574514695131068009e-01 1.730514602711187955e+00 2.697618178591881244e-01 2.000276420570376246e+00
9.600000000000000000e+02 3.007280845930250166e+02 8.574501669959817551e-01 1.742028027442062754e+00 2.582483931283084400e-01 2.000276420570371361e+00
9.650000000000000000e+02 3.015880282938709911e+02 8.574563797443824908e-01 1.753302912486401244e+00 2.469735080839650654e-01 2.000276420570366476e+00
9.700000000000000000e+02 3.024479810257061558e+02 8.574668451995951513e-01 1.764333589394049051e+00 2.359428311763114849e-01 2.000276420570360703e+00
9.750000000000000000e+02 3.033079422879797562e+02 8.574720230647927544e-01 1.775120168483310223e+00 2.251562520870452333e-01 2.000276420570355373e+00
9.800000000000000000e+02 3.041679040817282953e+02 8.574681045826852976e-01 1.785646768099728998e+00 2.146296524706209907e-01 2.000276420570350044e+00
9.850000000000000000e+02 3.050278601531348954e+02 8.574620651427981022e-01 1.795883810982580320e+00 2.043926095877644789e-01 2.000276420570344715e+00
9.900000000000000000e+02 3.058878134453179314e+02 8.574634345204027452e-01 1.805810413073384968e+00 1.944660074969542241e-01 2.000276420570339386e+00
9.950000000000000000e+02 3.067477726591507690e+02 8.574730893283767363e-01 1.815427826268476652e+00 1.848485943018573774e-01 2.000276420570334057e+00
1.000000000000000000e+03 3.076077423680218885e+02 8.574829028313829538e-01 1.824746761153955621e+00 1.755296594163728019e-01 2.000276420570328284e+00
1.005000000000000000e+03 3.084677189290536035e+02 8.574863815102844455e-01 1.833764335361457887e+00 1.665120852088646519e-01 2.000276420570322511e+00
1.010000000000000000e+03 3.093276969460230248e+02 8.574868694243832357e-01 1.842458902564008794e+00 1.578175180063084437e-01 2.000276420570317182e+00
1.015000000000000000e+03 3.101876779135591846e+02 8.574933177616600455e-01 1.850808225040469823e+00 1.494681955298416687e-01 2.000276420570311409e+00
1.020000000000000000e+03 3.110476703023757068e+02 8.575093044732671199e-01 1.858807802293787503e+00 1.414686182765185762e-01 2.000276420570306080e+00
1.025000000000000000e+03 3.119076813068411980e+02 8.575290928858253503e-01 1.866467469127407908e+00 1.338089514428924820e-01 2.000276420570300306e+00
1.030000000000000000e+03 3.127677107083953274e+02 8.575452362280436835e-01 1.873792656803094037e+00 1.264837637672006077e-01 2.000276420570294533e+00
1.035000000000000000e+03 3.136277541977967758e+02 8.575578168625066500e-01 1.880775230523798802e+00 1.195011900464901383e-01 2.000276420570288760e+00
1.040000000000000000e+03 3.144878115593588177e+02 8.575739977507148559e-01 1.887404929305141810e+00 1.128714912651413993e-01 2.000276420570282987e+00
1.045000000000000000e+03 3.153478895635093409e+02 8.575991670653014820e-01 1.893685640272201542e+00 1.065907802980757824e-01 2.000276420570277214e+00
1.050000000000000000e+03 3.162079966267863256e+02 8.576310824486359508e-01 1.899635578536603919e+00 1.006408420336680348e-01 2.000276420570271885e+00
1.055000000000000000e+03 3.170681364692615034e+02 8.576637595598137764e-01 1.905271861210222628e+00 9.500455936004359447e-02 2.000276420570266112e+00
1.060000000000000000e+03 3.179283084274946987e+02 8.576953233780364450e-01 1.910599206001297290e+00 8.967721456896254884e-02 2.000276420570259894e+00
1.065000000000000000e+03 3.187885131189677850e+02 8.577297667114794910e-01 1.915615703132344638e+00 8.466071743790931636e-02 2.000276420570254121e+00
1.070000000000000000e+03 3.196487557198559557e+02 8.577711182680791691e-01 1.920326313306022215e+00 7.995010726422557834e-02 2.000276420570247904e+00
1.075000000000000000e+03 3.205090429575504345e+02 8.578181617258975322e-01 1.924746089306318630e+00 7.553033126392352803e-02 2.000276420570242131e+00
1.080000000000000000e+03 3.213693782935841341e+02 8.578664089685124061e-01 1.928889969040208374e+00 7.138645153002814991e-02 2.000276420570236358e+00
1.085000000000000000e+03 3.222297617355275747e+02 8.579142501460335080e-01 1.932763683267872956e+00 6.751273730235758663e-02 2.000276420570230584e+00
1.090000000000000000e+03 3.230901943417142093e+02 8.579651749825623064e-01 1.936367909716508295e+00 6.390851085371665463e-02 2.000276420570224811e+00
1.095000000000000000e+03 3.239506816063425276e+02 8.580237025080799107e-01 1.939709765286808718e+00 6.056665528341027144e-02 2.000276420570219038e+00
1.100000000000000000e+03 3.248112319842787201e+02 8.580908949121827112e-01 1.942806526870844763e+00 5.746989369936807840e-02 2.000276420570212821e+00
1.105000000000000000e+03 3.256718534341974873e+02 8.581652438158913210e-01 1.945677404803165755e+00 5.459901576704080661e-02 2.000276420570206604e+00
1.110000000000000000e+03 3.265325530596294925e+02 8.582471424637613255e-01 1.948334609121574523e+00 5.194181144862580757e-02 2.000276420570200386e+00
1.115000000000000000e+03 3.273933402416571425e+02 8.583405510828818752e-01 1.950784702704645213e+00 4.949171786554931729e-02 2.000276420570194613e+00
1.120000000000000000e+03 3.282542287592535786e+02 8.584495615630531873e-01 1.953037053413563706e+00 4.723936715662475916e-02 2.000276420570188396e+00
1.125000000000000000e+03 3.291152347132712066e+02 8.585743985549058044e-01 1.955107436936686982e+00 4.516898363349516193e-02 2.000276420570182179e+00
1.130000000000000000e+03 3.299763725187174259e+02 8.587119427890663736e-01 1.957012197592026714e+00 4.326422297814937895e-02 2.000276420570175961e+00
1.135000000000000000e+03 3.308376535463493724e+02 8.588598697668539117e-01 1.958761085465436258e+00 4.151533510473351396e-02 2.000276420570169744e+00
1.140000000000000000e+03 3.316990884478549333e+02 8.590191034916481172e-01 1.960358197367163546e+00 3.991822320299959898e-02 2.000276420570163083e+00
1.145000000000000000e+03 3.325606897481629289e+02 8.591919745584555290e-01 1.961809460690122409e+00 3.846695988003490108e-02 2.000276420570157310e+00
1.150000000000000000e+03 3.334224716425372321e+02 8.593792125020596195e-01 1.963126867163197620e+00 3.714955340695346581e-02 2.000276420570151092e+00
1.155000000000000000e+03 3.342844481509387720e+02 8.595800423128410195e-01 1.964324613979030687e+00 3.595180659111454902e-02 2.000276420570145319e+00
1.160000000000000000e+03 3.351466330191243514e+02 8.597951285811211708e-01 1.965412949758098549e+00 3.486347081203973464e-02 2.000276420570138214e+00
1.165000000000000000e+03 3.360090422621189532e+02 8.600282941778715218e-01 1.966397654268813744e+00 3.387876630131853029e-02 2.000276420570132441e+00
1.170000000000000000e+03 3.368716966435748077e+02 8.602846995372035455e-01 1.967284944620307785e+00 3.299147594981867437e-02 2.000276420570126668e+00
1.175000000000000000e+03 3.377346213865661184e+02 8.605677114896830293e-01 1.968084794998576470e+00 3.219162557154379989e-02 2.000276420570120450e+00
1.180000000000000000e+03 3.385978436793163837e+02 8.608779909750896575e-01 1.968808597649126524e+00 3.146782292098763284e-02 2.000276420570114233e+00
1.185000000000000000e+03 3.394613906938887453e+02 8.612151748096410486e-01 1.969464756296207986e+00 3.081166427390013771e-02 2.000276420570108016e+00
1.190000000000000000e+03 3.403252894566248870e+02 8.615794409161154910e-01 1.970057916632939055e+00 3.021850393716269192e-02 2.000276420570101799e+00
1.195000000000000000e+03 3.411895673050166806e+02 8.619710687796897641e-01 1.970592169107374891e+00 2.968425146272025278e-02 2.000276420570095137e+00
1.200000000000000000e+03 3.420542513458439657e+02 8.623892411120371859e-01 1.971073496083980858e+00 2.920292448610830455e-02 2.000276420570089364e+00
1.205000000000000000e+03 3.429193673816127443e+02 8.628324016450723555e-01 1.971508484340529055e+00 2.876793622955345700e-02 2.000276420570082703e+00
1.210000000000000000e+03 3.437849401309523500e+02 8.633002538976459750e-01 1.971901794028152244e+00 2.837462654192446712e-02 2.000276420570076930e+00
1.215000000000000000e+03 3.446509953419192129e+02 8.637951739967163478e-01 1.972256319704546401e+00 2.802010086552383233e-02 2.000276420570070268e+00
1.220000000000000000e+03 3.455175622520430920e+02 8.643214508806433827e-01 1.972575827306122687e+00 2.770059326394131577e-02 2.000276420570064051e+00
1.225000000000000000e+03 3.463846745028640157e+02 8.648832584416056291e-01 1.972866300106000725e+00 2.741012046405727487e-02 2.000276420570057834e+00
1.230000000000000000e+03 3.472523692426350408e+02 8.654833061270088557e-01 1.973134058587819428e+00 2.714236198223203556e-02 2.000276420570051616e+00
1.235000000000000000e+03 3.481206855440908612e+02 8.661227678513041539e-01 1.973383026884421909e+00 2.689339368562301130e-02 2.000276420570044955e+00
1.240000000000000000e+03 3.489896630081171338e+02 8.668015576833777436e-01 1.973614491337232657e+00 2.666192923280635840e-02 2.000276420570039182e+00
1.245000000000000000e+03 3.498593404717899489e+02 8.675182537339851674e-01 1.973829455515573983e+00 2.644696505445809712e-02 2.000276420570032077e+00
1.250000000000000000e+03 3.507297546699417126e+02 8.682702134918560688e-01 1.974030668548824252e+00 2.624575202120217957e-02 2.000276420570026303e+00
1.255000000000000000e+03 3.516009394834047725e+02 8.690546563863301710e-01 1.974222181476127602e+00 2.605423909389271292e-02 2.000276420570020530e+00
1.260000000000000000e+03 3.524729266425290461e+02 8.698702989357764981e-01 1.974407423074331813e+00 2.586899749568180584e-02 2.000276420570013425e+00
1.265000000000000000e+03 3.533457477611813715e+02 8.707181685610823063e-01 1.974588197299296466e+00 2.568822327071067918e-02 2.000276420570007208e+00
1.270000000000000000e+03 3.542194364055457072e+02 8.716008766557625798e-01 1.974765349213531529e+00 2.551107135646940582e-02 2.000276420570000990e+00
1.275000000000000000e+03 3.550940289356191784e+02 8.725211082337748225e-01 1.974939834416048257e+00 2.533658615394690505e-02 2.000276420569995217e+00
1.280000000000000000e+03 3.559695639731041865e+02 8.734805503792861803e-01 1.975113095221534776e+00 2.516332534845352326e-02 2.000276420569988112e+00
1.285000000000000000e+03 3.568460811820141316e+02 8.744795682894713762e-01 1.975287010075083893e+00 2.498941049489834115e-02 2.000276420569982339e+00
1.290000000000000000e+03 3.577236198588393563e+02 8.755170628140860334e-01 1.975463939297594340e+00 2.481248127238172910e-02 2.000276420569976121e+00
1.295000000000000000e+03 3.586022173125601853e+02 8.765902046127622693e-01 1.975646549757200443e+00 2.462987081276921467e-02 2.000276420569969460e+00
1.300000000000000000e+03 3.594819071270235327e+02 8.776945522137006295e-01 1.975836941362948629e+00 2.443947920701484283e-02 2.000276420569963687e+00
1.305000000000000000e+03 3.603627180358641340e+02 8.788251646929082783e-01 1.976035622432674277e+00 2.424079813728313715e-02 2.000276420569957470e+00
1.310000000000000000e+03 3.612446743507699125e+02 8.799784403638702956e-01 1.976241613985069590e+00 2.403480658488135746e-02 2.000276420569950808e+00
1.315000000000000000e+03 3.621277981113418036e+02 8.811535121130886772e-01 1.976454076549022387e+00 2.382234402092232167e-02 2.000276420569944591e+00
1.320000000000000000e+03 3.630121119105884873e+02 8.823521238693274871e-01 1.976674060891094653e+00 2.360235967884375882e-02 2.000276420569938374e+00
1.325000000000000000e+03 3.638976407530587949e+02 8.835769384136533677e-01 1.976904450128771362e+00 2.337197044116118283e-02 2.000276420569932601e+00
1.330000000000000000e+03 3.647844118008293890e+02 8.848292287630832309e-01 1.977147869805046643e+00 2.312855076487961570e-02 2.000276420569926383e+00
1.335000000000000000e+03 3.656724520195373884e+02 8.861071800627948747e-01 1.977404548580767862e+00 2.287187198915199490e-02 2.000276420569919722e+00
1.340000000000000000e+03 3.665617848167997295e+02 8.874056585030357658e-01 1.977672293533611292e+00 2.260412703630211573e-02 2.000276420569913505e+00
1.345000000000000000e+03 3.674524272957618791e+02 8.887176166821578738e-01 1.977948689718321607e+00 2.232773085158554216e-02 2.000276420569907287e+00
1.350000000000000000e+03 3.683443895022873562e+02 8.900364755025973462e-01 1.978233508672583296e+00 2.204291189731728481e-02 2.000276420569900626e+00
1.355000000000000000e+03 3.692376760210036082e+02 8.913581802391282727e-01 1.978529102248487215e+00 2.174731832140719065e-02 2.000276420569894409e+00
1.360000000000000000e+03 3.701322889396581672e+02 8.926817262408172082e-01 1.978838358198233616e+00 2.143806237165444065e-02 2.000276420569888192e+00
1.365000000000000000e+03 3.710282304308805124e+02 8.940079376571562486e-01 1.979162012764374978e+00 2.111440780550724941e-02 2.000276420569882418e+00
1.370000000000000000e+03 3.719255036056078438e+02 8.953374775569343802e-01 1.979497775655171932e+00 2.077864491470371791e-02 2.000276420569875757e+00
1.375000000000000000e+03 3.728241115606974745e+02 8.966694544433801983e-01 1.979842160415310914e+00 2.043426015455845901e-02 2.000276420569869540e+00
1.380000000000000000e+03 3.737240556112079162e+02 8.980012310600558045e-01 1.980193502167678865e+00 2.008291840218437430e-02 2.000276420569863323e+00
1.385000000000000000e+03 3.746253337394879850e+02 8.993289346669556261e-01 1.980553500728499117e+00 1.972291984135808238e-02 2.000276420569857105e+00
1.390000000000000000e+03 3.755279395601949091e+02 9.006478703799077890e-01 1.980925753334364270e+00 1.935066723548672235e-02 2.000276420569850888e+00
1.395000000000000000e+03 3.764318616014911072e+02 9.019527431164825471e-01 1.981312350376452702e+00 1.896407019339200681e-02 2.000276420569844671e+00
1.400000000000000000e+03 3.773370829926712418e+02 9.032382898908292157e-01 1.981711561674226907e+00 1.856485889561170638e-02 2.000276420569838454e+00
1.405000000000000000e+03 3.782435821794647950e+02 9.045006463334581692e-01 1.982118937470017661e+00 1.815748309981505063e-02 2.000276420569832680e+00
1.410000000000000000e+03 3.791513351078203868e+02 9.057387458364466459e-01 1.982531045705819173e+00 1.774537486400699915e-02 2.000276420569826019e+00
1.415000000000000000e+03 3.800603182270748448e+02 9.069544154390259960e-01 1.982948406919859075e+00 1.732801364996124083e-02 2.000276420569820246e+00
1.420000000000000000e+03 3.809705105487278729e+02 9.081504506837463353e-01 1.983374693796775334e+00 1.690172677303850013e-02 2.000276420569814029e+00
1.425000000000000000e+03 3.818818930594645735e+02 9.093275479488611701e-01 1.983812684984040509e+00 1.646373558576724738e-02 2.000276420569807811e+00
1.430000000000000000e+03 3.827944453922204957e+02 9.104822433660650915e-01 1.984260696116882938e+00 1.601572445291794475e-02 2.000276420569800706e+00
1.435000000000000000e+03 3.837081417790653859e+02 9.116076595476132471e-01 1.984713064719313413e+00 1.556335585048110662e-02 2.000276420569794489e+00
1.440000000000000000e+03 3.846229491886818437e+02 9.126968658010305990e-01 1.985164517244065951e+00 1.511190332572170426e-02 2.000276420569787827e+00
1.445000000000000000e+03 3.855388292100457761e+02 9.137465176247013821e-01 1.985614330065742950e+00 1.466209050403881504e-02 2.000276420569781610e+00
1.450000000000000000e+03 3.864557425154862358e+02 9.147580271685962217e-01 1.986066147516366343e+00 1.421027305340910422e-02 2.000276420569775393e+00
1.455000000000000000e+03 3.873736527786098236e+02 9.157353936271597217e-01 1.986523475189727383e+00 1.375294538004192234e-02 2.000276420569769176e+00
1.460000000000000000e+03 3.882925274362294772e+02 9.166815305478787090e-01 1.986985191630822545e+00 1.329122893894063399e-02 2.000276420569762958e+00
1.465000000000000000e+03 3.892123352903195723e+02 9.175960680002982484e-01 1.987445559480018886e+00 1.283086108973785326e-02 2.000276420569756741e+00
1.470000000000000000e+03 3.901330433607977852e+02 9.184761052735495035e-01 1.987898893189025351e+00 1.237752738072495778e-02 2.000276420569750524e+00
1.475000000000000000e+03 3.910546155283027474e+02 9.193186988467634269e-01 1.988344389613836416e+00 1.193203095590796362e-02 2.000276420569744307e+00
1.480000000000000000e+03 3.919770134622302180e+02 9.201225672965490654e-01 1.988786289160680010e+00 1.149013140905795136e-02 2.000276420569738089e+00
1.485000000000000000e+03 3.929001982295212088e+02 9.208876701076745830e-01 1.989229058869383060e+00 1.104736170034852950e-02 2.000276420569731428e+00
1.490000000000000000e+03 3.938241307765705415e+02 9.216136084831202391e-01 1.989672283411675124e+00 1.060413715805003619e-02 2.000276420569725211e+00
1.495000000000000000e+03 3.947487711078552479e+02 9.222988716817475119e-01 1.990110345144318504e+00 1.016607542540012322e-02 2.000276420569718550e+00
1.500000000000000000e+03 3.956740775706116438e+02 9.229417920972603495e-01 1.990537272558098092e+00 9.739148011614332315e-03 2.000276420569712332e+00
